#Layer_Color=32896
#
#Feature symbol names
#
$0 r1.9685

#
#Feature attribute names
#

#
#Layer features
#
L 0 0.7960631 0 0.8196851 0 P 0
L -0.011811 0.8078741 0.011811 0.8078741 0 P 0
L 0.015748 0.7783465 0.015748 0.8374017 0 P 0
L -0.0157481 0.7783465 0.015748 0.7783465 0 P 0
L -0.0157481 0.7783465 -0.0157481 0.8374017 0 P 0
L -0.0157481 0.8374017 0.015748 0.8374017 0 P 0
L 0.0481102 0.7274016 0.0481102 0.8474016 0 P 0
L 0.0481102 0.7274016 0.1881102 0.7274016 0 P 0
L 0.0481102 0.8474016 0.1881102 0.8474016 0 P 0
L 0.1062992 0.7874016 0.1299212 0.7874016 0 P 0
L 0.1181102 0.7755906 0.1181102 0.7992126 0 P 0
L 0.1881102 0.7274016 0.1881102 0.8474016 0 P 0
L 0.2172205 0.7374016 0.2172205 0.8374016 0 P 0
L 0.2172205 0.7374016 0.2552205 0.7374016 0 P 0
L 0.2172205 0.8374016 0.2552205 0.8374016 0 P 0
L 0.2244095 0.7874016 0.2480315 0.7874016 0 P 0
L 0.2362205 0.7755906 0.2362205 0.7992126 0 P 0
L 0.2552205 0.7374016 0.2552205 0.8374016 0 P 0
L 0.2598426 0.7719488 0.2598426 0.831004 0 P 0
L 0.2598426 0.7719488 0.2913387 0.7719488 0 P 0
L 0.2598426 0.831004 0.2913387 0.831004 0 P 0
L 0.2637796 0.8014764 0.2874016 0.8014764 0 P 0
L 0.2755906 0.7896654 0.2755906 0.8132874 0 P 0
L 0.2913387 0.7719488 0.2913387 0.831004 0 P 0
L 0.2992125 0.7719488 0.2992125 0.831004 0 P 0
L 0.2992125 0.7719488 0.3307086 0.7719488 0 P 0
L 0.2992125 0.831004 0.3307086 0.831004 0 P 0
L 0.3031496 0.8014764 0.3267716 0.8014764 0 P 0
L 0.3149606 0.7896654 0.3149606 0.8132874 0 P 0
L 0.3307086 0.7719488 0.3307086 0.831004 0 P 0
L 0.3976377 0.2263779 0.3976377 0.2854331 0 P 0
L 0.3976377 0.2263779 0.4291338 0.2263779 0 P 0
L 0.3976377 0.2854331 0.4291338 0.2854331 0 P 0
L 0.3976377 0.5019685 0.3976377 0.5610237 0 P 0
L 0.3976377 0.5019685 0.4291338 0.5019685 0 P 0
L 0.3976377 0.5610237 0.4291338 0.5610237 0 P 0
L 0.3976377 1.28937 0.3976377 1.3484252 0 P 0
L 0.3976377 1.28937 0.4291338 1.28937 0 P 0
L 0.3976377 1.3484252 0.4291338 1.3484252 0 P 0
L 0.3976378 1.0137795 0.3976378 1.0728347 0 P 0
L 0.3976378 1.0137795 0.4291339 1.0137795 0 P 0
L 0.3976378 1.0728347 0.4291339 1.0728347 0 P 0
L 0.4015747 0.2559055 0.4251967 0.2559055 0 P 0
L 0.4015747 0.5314961 0.4251967 0.5314961 0 P 0
L 0.4015748 1.0433071 0.4251968 1.0433071 0 P 0
L 0.4015748 1.3188976 0.4251968 1.3188976 0 P 0
L 0.4035433 0.7322834 0.4035433 0.7637795 0 P 0
L 0.4035433 0.7322834 0.4625985 0.7322834 0 P 0
L 0.4035433 0.7637795 0.4625985 0.7637795 0 P 0
L 0.4035433 0.7716535 0.4035433 0.8031496 0 P 0
L 0.4035433 0.7716535 0.4625985 0.7716535 0 P 0
L 0.4035433 0.8031496 0.4625985 0.8031496 0 P 0
L 0.4035433 0.8110237 0.4035433 0.8425198 0 P 0
L 0.4035433 0.8110237 0.4625985 0.8110237 0 P 0
L 0.4035433 0.8425198 0.4625985 0.8425198 0 P 0
L 0.4133857 0.2440945 0.4133857 0.2677165 0 P 0
L 0.4133857 0.5196851 0.4133857 0.5433071 0 P 0
L 0.4133858 1.0314961 0.4133858 1.0551181 0 P 0
L 0.4133858 1.3070866 0.4133858 1.3307086 0 P 0
L 0.4212599 0.7480315 0.4448819 0.7480315 0 P 0
L 0.4212599 0.7874016 0.4448819 0.7874016 0 P 0
L 0.4212599 0.8267717 0.4448819 0.8267717 0 P 0
L 0.4291338 0.2263779 0.4291338 0.2854331 0 P 0
L 0.4291338 0.5019685 0.4291338 0.5610237 0 P 0
L 0.4291338 1.28937 0.4291338 1.3484252 0 P 0
L 0.4291339 1.0137795 0.4291339 1.0728347 0 P 0
L 0.4330709 0.7362205 0.4330709 0.7598425 0 P 0
L 0.4330709 0.7755906 0.4330709 0.7992126 0 P 0
L 0.4330709 0.8149607 0.4330709 0.8385827 0 P 0
L 0.4370078 1.0137795 0.4370078 1.0728347 0 P 0
L 0.4370078 1.0137795 0.4685039 1.0137795 0 P 0
L 0.4370078 1.0728347 0.4685039 1.0728347 0 P 0
L 0.4370079 0.2263779 0.4370079 0.2854331 0 P 0
L 0.4370079 0.2263779 0.468504 0.2263779 0 P 0
L 0.4370079 0.2854331 0.468504 0.2854331 0 P 0
L 0.4370079 0.5019685 0.4370079 0.5610237 0 P 0
L 0.4370079 0.5019685 0.468504 0.5019685 0 P 0
L 0.4370079 0.5610237 0.468504 0.5610237 0 P 0
L 0.4370079 1.28937 0.4370079 1.3484252 0 P 0
L 0.4370079 1.28937 0.468504 1.28937 0 P 0
L 0.4370079 1.3484252 0.468504 1.3484252 0 P 0
L 0.4409449 1.0433071 0.4645669 1.0433071 0 P 0
L 0.4409449 1.3188976 0.4645669 1.3188976 0 P 0
L 0.440945 0.2559055 0.464567 0.2559055 0 P 0
L 0.440945 0.5314961 0.464567 0.5314961 0 P 0
L 0.4527559 1.0314961 0.4527559 1.0551181 0 P 0
L 0.4527559 1.3070866 0.4527559 1.3307086 0 P 0
L 0.452756 0.2440945 0.452756 0.2677165 0 P 0
L 0.452756 0.5196851 0.452756 0.5433071 0 P 0
L 0.4625985 0.7322834 0.4625985 0.7637795 0 P 0
L 0.4625985 0.7716535 0.4625985 0.8031496 0 P 0
L 0.4625985 0.8110237 0.4625985 0.8425198 0 P 0
L 0.4685039 1.0137795 0.4685039 1.0728347 0 P 0
L 0.468504 0.2263779 0.468504 0.2854331 0 P 0
L 0.468504 0.5019685 0.468504 0.5610237 0 P 0
L 0.468504 1.28937 0.468504 1.3484252 0 P 0
L 0.4861811 0.7274016 0.4861811 0.8474016 0 P 0
L 0.4861811 0.7274016 0.6151811 0.7274016 0 P 0
L 0.4861811 0.8474016 0.6151811 0.8474016 0 P 0
L 0.5393701 0.7874016 0.5629921 0.7874016 0 P 0
L 0.5413385 0.2232283 0.5413385 0.2547244 0 P 0
L 0.5413385 0.2232283 0.6003937 0.2232283 0 P 0
L 0.5413385 0.2547244 0.6003937 0.2547244 0 P 0
L 0.5413385 0.2570865 0.5413385 0.2885826 0 P 0
L 0.5413385 0.2570865 0.6003937 0.2570865 0 P 0
L 0.5413385 0.2885826 0.6003937 0.2885826 0 P 0
L 0.5413385 0.4649607 0.5413385 0.4964568 0 P 0
L 0.5413385 0.4649607 0.6003937 0.4649607 0 P 0
L 0.5413385 0.4964568 0.6003937 0.4964568 0 P 0
L 0.5413385 0.498819 0.5413385 0.5303151 0 P 0
L 0.5413385 0.498819 0.6003937 0.498819 0 P 0
L 0.5413385 0.5303151 0.6003937 0.5303151 0 P 0
L 0.5413385 0.5326771 0.5413385 0.5641732 0 P 0
L 0.5413385 0.5326771 0.6003937 0.5326771 0 P 0
L 0.5413385 0.5641732 0.6003937 0.5641732 0 P 0
L 0.5413385 1.2523622 0.5413385 1.2838583 0 P 0
L 0.5413385 1.2523622 0.6003937 1.2523622 0 P 0
L 0.5413385 1.2838583 0.6003937 1.2838583 0 P 0
L 0.5413385 1.2862205 0.5413385 1.3177166 0 P 0
L 0.5413385 1.2862205 0.6003937 1.2862205 0 P 0
L 0.5413385 1.3177166 0.6003937 1.3177166 0 P 0
L 0.5413385 1.3200786 0.5413385 1.3515747 0 P 0
L 0.5413385 1.3200786 0.6003937 1.3200786 0 P 0
L 0.5413385 1.3515747 0.6003937 1.3515747 0 P 0
L 0.5511811 0.7755906 0.5511811 0.7992126 0 P 0
L 0.5590551 0.2389764 0.5826771 0.2389764 0 P 0
L 0.5590551 0.2728346 0.5826771 0.2728346 0 P 0
L 0.5590551 0.4807087 0.5826771 0.4807087 0 P 0
L 0.5590551 0.514567 0.5826771 0.514567 0 P 0
L 0.5590551 0.5484252 0.5826771 0.5484252 0 P 0
L 0.5590551 1.2681102 0.5826771 1.2681102 0 P 0
L 0.5590551 1.3019685 0.5826771 1.3019685 0 P 0
L 0.5590551 1.3358267 0.5826771 1.3358267 0 P 0
L 0.5708661 0.2271654 0.5708661 0.2507874 0 P 0
L 0.5708661 0.2610236 0.5708661 0.2846456 0 P 0
L 0.5708661 0.4688977 0.5708661 0.4925197 0 P 0
L 0.5708661 0.502756 0.5708661 0.526378 0 P 0
L 0.5708661 0.5366142 0.5708661 0.5602362 0 P 0
L 0.5708661 1.2562992 0.5708661 1.2799212 0 P 0
L 0.5708661 1.2901575 0.5708661 1.3137795 0 P 0
L 0.5708661 1.3240157 0.5708661 1.3476377 0 P 0
L 0.6003937 0.2232283 0.6003937 0.2547244 0 P 0
L 0.6003937 0.2570865 0.6003937 0.2885826 0 P 0
L 0.6003937 0.4649607 0.6003937 0.4964568 0 P 0
L 0.6003937 0.498819 0.6003937 0.5303151 0 P 0
L 0.6003937 0.5326771 0.6003937 0.5641732 0 P 0
L 0.6003937 1.2523622 0.6003937 1.2838583 0 P 0
L 0.6003937 1.2862205 0.6003937 1.3177166 0 P 0
L 0.6003937 1.3200786 0.6003937 1.3515747 0 P 0
L 0.6151811 0.7274016 0.6151811 0.8474016 0 P 0
L 0.6397637 0.7716536 0.6397637 0.8031497 0 P 0
L 0.6397637 0.7716536 0.6988189 0.7716536 0 P 0
L 0.6397637 0.8031497 0.6988189 0.8031497 0 P 0
L 0.6397637 0.8110236 0.6397637 0.8425197 0 P 0
L 0.6397637 0.8110236 0.6988189 0.8110236 0 P 0
L 0.6397637 0.8425197 0.6988189 0.8425197 0 P 0
L 0.6574803 0.7874016 0.6811023 0.7874016 0 P 0
L 0.6574803 0.8267717 0.6811023 0.8267717 0 P 0
L 0.6692913 0.7755906 0.6692913 0.7992126 0 P 0
L 0.6692913 0.8149607 0.6692913 0.8385827 0 P 0
L 0.6988189 0.7716536 0.6988189 0.8031497 0 P 0
L 0.6988189 0.8110236 0.6988189 0.8425197 0 P 0
L 0.9153543 0.7716536 0.9153543 0.8031497 0 P 0
L 0.9153543 0.7716536 0.9744095 0.7716536 0 P 0
L 0.9153543 0.8031497 0.9744095 0.8031497 0 P 0
L 0.9153543 0.8110237 0.9153543 0.8425198 0 P 0
L 0.9153543 0.8110237 0.9744095 0.8110237 0 P 0
L 0.9153543 0.8425198 0.9744095 0.8425198 0 P 0
L 0.9153543 0.9291338 0.9153543 0.9606299 0 P 0
L 0.9153543 0.9291338 0.9744095 0.9291338 0 P 0
L 0.9153543 0.9606299 0.9744095 0.9606299 0 P 0
L 0.9153543 0.968504 0.9153543 1.0000001 0 P 0
L 0.9153543 0.968504 0.9744095 0.968504 0 P 0
L 0.9153543 1.0000001 0.9744095 1.0000001 0 P 0
L 0.9153543 1.0866142 0.9153543 1.1181103 0 P 0
L 0.9153543 1.0866142 0.9744095 1.0866142 0 P 0
L 0.9153543 1.1181103 0.9744095 1.1181103 0 P 0
L 0.9153543 1.1259842 0.9153543 1.1574803 0 P 0
L 0.9153543 1.1259842 0.9744095 1.1259842 0 P 0
L 0.9153543 1.1574803 0.9744095 1.1574803 0 P 0
L 0.9153543 1.1653543 0.9153543 1.1968504 0 P 0
L 0.9153543 1.1653543 0.9744095 1.1653543 0 P 0
L 0.9153543 1.1968504 0.9744095 1.1968504 0 P 0
L 0.9153543 1.2834645 0.9153543 1.3149606 0 P 0
L 0.9153543 1.2834645 0.9744095 1.2834645 0 P 0
L 0.9153543 1.3149606 0.9744095 1.3149606 0 P 0
L 0.9153543 1.3228347 0.9153543 1.3543308 0 P 0
L 0.9153543 1.3228347 0.9744095 1.3228347 0 P 0
L 0.9153543 1.3543308 0.9744095 1.3543308 0 P 0
L 0.9198819 0.8558268 0.9198819 0.9158268 0 P 0
L 0.9198819 0.8558268 0.9698819 0.8558268 0 P 0
L 0.9198819 0.9158268 0.9698819 0.9158268 0 P 0
L 0.9198819 1.2101575 0.9198819 1.2701575 0 P 0
L 0.9198819 1.2101575 0.9698819 1.2101575 0 P 0
L 0.9198819 1.2701575 0.9698819 1.2701575 0 P 0
L 0.9330709 0.7874016 0.9566929 0.7874016 0 P 0
L 0.9330709 0.8267717 0.9566929 0.8267717 0 P 0
L 0.9330709 0.8858268 0.9566929 0.8858268 0 P 0
L 0.9330709 0.9448819 0.9566929 0.9448819 0 P 0
L 0.9330709 0.984252 0.9566929 0.984252 0 P 0
L 0.9330709 1.1023622 0.9566929 1.1023622 0 P 0
L 0.9330709 1.1417323 0.9566929 1.1417323 0 P 0
L 0.9330709 1.1811024 0.9566929 1.1811024 0 P 0
L 0.9330709 1.2401575 0.9566929 1.2401575 0 P 0
L 0.9330709 1.2992126 0.9566929 1.2992126 0 P 0
L 0.9330709 1.3385827 0.9566929 1.3385827 0 P 0
L 0.9448819 0.7755906 0.9448819 0.7992126 0 P 0
L 0.9448819 0.8149607 0.9448819 0.8385827 0 P 0
L 0.9448819 0.8740158 0.9448819 0.8976378 0 P 0
L 0.9448819 0.9330709 0.9448819 0.9566929 0 P 0
L 0.9448819 0.972441 0.9448819 0.996063 0 P 0
L 0.9448819 1.0905512 0.9448819 1.1141732 0 P 0
L 0.9448819 1.1299213 0.9448819 1.1535433 0 P 0
L 0.9448819 1.1692914 0.9448819 1.1929134 0 P 0
L 0.9448819 1.2283465 0.9448819 1.2519685 0 P 0
L 0.9448819 1.2874016 0.9448819 1.3110236 0 P 0
L 0.9448819 1.3267717 0.9448819 1.3503937 0 P 0
L 0.9547244 0.3188977 0.9547244 0.3503938 0 P 0
L 0.9547244 0.3188977 1.0137796 0.3188977 0 P 0
L 0.9547244 0.3503938 1.0137796 0.3503938 0 P 0
L 0.9547244 0.3582677 0.9547244 0.3897638 0 P 0
L 0.9547244 0.3582677 1.0137796 0.3582677 0 P 0
L 0.9547244 0.3897638 1.0137796 0.3897638 0 P 0
L 0.9547244 0.555118 0.9547244 0.5866141 0 P 0
L 0.9547244 0.555118 1.0137796 0.555118 0 P 0
L 0.9547244 0.5866141 1.0137796 0.5866141 0 P 0
L 0.9698819 0.8558268 0.9698819 0.9158268 0 P 0
L 0.9698819 1.2101575 0.9698819 1.2701575 0 P 0
L 0.972441 0.3346457 0.996063 0.3346457 0 P 0
L 0.972441 0.3740157 0.996063 0.3740157 0 P 0
L 0.972441 0.5708661 0.996063 0.5708661 0 P 0
L 0.9744095 0.7716536 0.9744095 0.8031497 0 P 0
L 0.9744095 0.8110237 0.9744095 0.8425198 0 P 0
L 0.9744095 0.9291338 0.9744095 0.9606299 0 P 0
L 0.9744095 0.968504 0.9744095 1.0000001 0 P 0
L 0.9744095 1.0866142 0.9744095 1.1181103 0 P 0
L 0.9744095 1.1259842 0.9744095 1.1574803 0 P 0
L 0.9744095 1.1653543 0.9744095 1.1968504 0 P 0
L 0.9744095 1.2834645 0.9744095 1.3149606 0 P 0
L 0.9744095 1.3228347 0.9744095 1.3543308 0 P 0
L 0.984252 0.3228347 0.984252 0.3464567 0 P 0
L 0.984252 0.3622047 0.984252 0.3858267 0 P 0
L 0.984252 0.5590551 0.984252 0.5826771 0 P 0
L 1.0137796 0.3188977 1.0137796 0.3503938 0 P 0
L 1.0137796 0.3582677 1.0137796 0.3897638 0 P 0
L 1.0137796 0.555118 1.0137796 0.5866141 0 P 0
L 1.047244 0.1673228 1.047244 0.226378 0 P 0
L 1.047244 0.1673228 1.0787401 0.1673228 0 P 0
L 1.047244 0.226378 1.0787401 0.226378 0 P 0
L 1.0511811 0.1968504 1.0748031 0.1968504 0 P 0
L 1.0629921 0.1850394 1.0629921 0.2086614 0 P 0
L 1.0728346 0.7716536 1.0728346 0.8031497 0 P 0
L 1.0728346 0.7716536 1.1318898 0.7716536 0 P 0
L 1.0728346 0.8031497 1.1318898 0.8031497 0 P 0
L 1.0728346 0.8110237 1.0728346 0.8425198 0 P 0
L 1.0728346 0.8110237 1.1318898 0.8110237 0 P 0
L 1.0728346 0.8425198 1.1318898 0.8425198 0 P 0
L 1.0728346 0.9291338 1.0728346 0.9606299 0 P 0
L 1.0728346 0.9291338 1.1318898 0.9291338 0 P 0
L 1.0728346 0.9606299 1.1318898 0.9606299 0 P 0
L 1.0728346 0.968504 1.0728346 1.0000001 0 P 0
L 1.0728346 0.968504 1.1318898 0.968504 0 P 0
L 1.0728346 1.0000001 1.1318898 1.0000001 0 P 0
L 1.0728346 1.0866142 1.0728346 1.1181103 0 P 0
L 1.0728346 1.0866142 1.1318898 1.0866142 0 P 0
L 1.0728346 1.1181103 1.1318898 1.1181103 0 P 0
L 1.0728346 1.1259842 1.0728346 1.1574803 0 P 0
L 1.0728346 1.1259842 1.1318898 1.1259842 0 P 0
L 1.0728346 1.1574803 1.1318898 1.1574803 0 P 0
L 1.0728346 1.1653543 1.0728346 1.1968504 0 P 0
L 1.0728346 1.1653543 1.1318898 1.1653543 0 P 0
L 1.0728346 1.1968504 1.1318898 1.1968504 0 P 0
L 1.0728346 1.2834645 1.0728346 1.3149606 0 P 0
L 1.0728346 1.2834645 1.1318898 1.2834645 0 P 0
L 1.0728346 1.3149606 1.1318898 1.3149606 0 P 0
L 1.0728346 1.3228347 1.0728346 1.3543308 0 P 0
L 1.0728346 1.3228347 1.1318898 1.3228347 0 P 0
L 1.0728346 1.3543308 1.1318898 1.3543308 0 P 0
L 1.0773622 0.8558268 1.0773622 0.9158268 0 P 0
L 1.0773622 0.8558268 1.1273622 0.8558268 0 P 0
L 1.0773622 0.9158268 1.1273622 0.9158268 0 P 0
L 1.0773622 1.2101575 1.0773622 1.2701575 0 P 0
L 1.0773622 1.2101575 1.1273622 1.2101575 0 P 0
L 1.0773622 1.2701575 1.1273622 1.2701575 0 P 0
L 1.0787401 0.1673228 1.0787401 0.226378 0 P 0
L 1.0866142 0.1673228 1.0866142 0.226378 0 P 0
L 1.0866142 0.1673228 1.1181103 0.1673228 0 P 0
L 1.0866142 0.226378 1.1181103 0.226378 0 P 0
L 1.0905512 0.1968504 1.1141732 0.1968504 0 P 0
L 1.0905512 0.7874016 1.1141732 0.7874016 0 P 0
L 1.0905512 0.8267717 1.1141732 0.8267717 0 P 0
L 1.0905512 0.8858268 1.1141732 0.8858268 0 P 0
L 1.0905512 0.9448819 1.1141732 0.9448819 0 P 0
L 1.0905512 0.984252 1.1141732 0.984252 0 P 0
L 1.0905512 1.1023622 1.1141732 1.1023622 0 P 0
L 1.0905512 1.1417323 1.1141732 1.1417323 0 P 0
L 1.0905512 1.1811024 1.1141732 1.1811024 0 P 0
L 1.0905512 1.2401575 1.1141732 1.2401575 0 P 0
L 1.0905512 1.2992126 1.1141732 1.2992126 0 P 0
L 1.0905512 1.3385827 1.1141732 1.3385827 0 P 0
L 1.1023622 0.1850394 1.1023622 0.2086614 0 P 0
L 1.1023622 0.7755906 1.1023622 0.7992126 0 P 0
L 1.1023622 0.8149607 1.1023622 0.8385827 0 P 0
L 1.1023622 0.8740158 1.1023622 0.8976378 0 P 0
L 1.1023622 0.9330709 1.1023622 0.9566929 0 P 0
L 1.1023622 0.972441 1.1023622 0.996063 0 P 0
L 1.1023622 1.0905512 1.1023622 1.1141732 0 P 0
L 1.1023622 1.1299213 1.1023622 1.1535433 0 P 0
L 1.1023622 1.1692914 1.1023622 1.1929134 0 P 0
L 1.1023622 1.2283465 1.1023622 1.2519685 0 P 0
L 1.1023622 1.2874016 1.1023622 1.3110236 0 P 0
L 1.1023622 1.3267717 1.1023622 1.3503937 0 P 0
L 1.1181103 0.1673228 1.1181103 0.226378 0 P 0
L 1.1259842 0.1673228 1.1259842 0.226378 0 P 0
L 1.1259842 0.1673228 1.1574803 0.1673228 0 P 0
L 1.1259842 0.226378 1.1574803 0.226378 0 P 0
L 1.1273622 0.8558268 1.1273622 0.9158268 0 P 0
L 1.1273622 1.2101575 1.1273622 1.2701575 0 P 0
L 1.1299213 0.1968504 1.1535433 0.1968504 0 P 0
L 1.1318898 0.7716536 1.1318898 0.8031497 0 P 0
L 1.1318898 0.8110237 1.1318898 0.8425198 0 P 0
L 1.1318898 0.9291338 1.1318898 0.9606299 0 P 0
L 1.1318898 0.968504 1.1318898 1.0000001 0 P 0
L 1.1318898 1.0866142 1.1318898 1.1181103 0 P 0
L 1.1318898 1.1259842 1.1318898 1.1574803 0 P 0
L 1.1318898 1.1653543 1.1318898 1.1968504 0 P 0
L 1.1318898 1.2834645 1.1318898 1.3149606 0 P 0
L 1.1318898 1.3228347 1.1318898 1.3543308 0 P 0
L 1.1417323 0.1850394 1.1417323 0.2086614 0 P 0
L 1.1574803 0.1673228 1.1574803 0.226378 0 P 0
L 1.1653543 0.1673228 1.1653543 0.226378 0 P 0
L 1.1653543 0.1673228 1.1968504 0.1673228 0 P 0
L 1.1653543 0.226378 1.1968504 0.226378 0 P 0
L 1.1692914 0.1968504 1.1929134 0.1968504 0 P 0
L 1.1811024 0.1850394 1.1811024 0.2086614 0 P 0
L 1.1968504 0.1673228 1.1968504 0.226378 0 P 0
L 1.2303149 0.7716536 1.2303149 0.8031497 0 P 0
L 1.2303149 0.7716536 1.2893701 0.7716536 0 P 0
L 1.2303149 0.8031497 1.2893701 0.8031497 0 P 0
L 1.2303149 0.8110237 1.2303149 0.8425198 0 P 0
L 1.2303149 0.8110237 1.2893701 0.8110237 0 P 0
L 1.2303149 0.8425198 1.2893701 0.8425198 0 P 0
L 1.2303149 0.9291338 1.2303149 0.9606299 0 P 0
L 1.2303149 0.9291338 1.2893701 0.9291338 0 P 0
L 1.2303149 0.9606299 1.2893701 0.9606299 0 P 0
L 1.2303149 0.968504 1.2303149 1.0000001 0 P 0
L 1.2303149 0.968504 1.2893701 0.968504 0 P 0
L 1.2303149 1.0000001 1.2893701 1.0000001 0 P 0
L 1.2303149 1.1653543 1.2303149 1.1968504 0 P 0
L 1.2303149 1.1653543 1.2893701 1.1653543 0 P 0
L 1.2303149 1.1968504 1.2893701 1.1968504 0 P 0
L 1.2303149 1.2834645 1.2303149 1.3149606 0 P 0
L 1.2303149 1.2834645 1.2893701 1.2834645 0 P 0
L 1.2303149 1.3149606 1.2893701 1.3149606 0 P 0
L 1.2303149 1.3228347 1.2303149 1.3543308 0 P 0
L 1.2303149 1.3228347 1.2893701 1.3228347 0 P 0
L 1.2303149 1.3543308 1.2893701 1.3543308 0 P 0
L 1.2348425 0.8558268 1.2348425 0.9158268 0 P 0
L 1.2348425 0.8558268 1.2848425 0.8558268 0 P 0
L 1.2348425 0.9158268 1.2848425 0.9158268 0 P 0
L 1.2348425 1.2101575 1.2348425 1.2701575 0 P 0
L 1.2348425 1.2101575 1.2848425 1.2101575 0 P 0
L 1.2348425 1.2701575 1.2848425 1.2701575 0 P 0
L 1.2480315 0.7874016 1.2716535 0.7874016 0 P 0
L 1.2480315 0.8267717 1.2716535 0.8267717 0 P 0
L 1.2480315 0.8858268 1.2716535 0.8858268 0 P 0
L 1.2480315 0.9448819 1.2716535 0.9448819 0 P 0
L 1.2480315 0.984252 1.2716535 0.984252 0 P 0
L 1.2480315 1.1811024 1.2716535 1.1811024 0 P 0
L 1.2480315 1.2401575 1.2716535 1.2401575 0 P 0
L 1.2480315 1.2992126 1.2716535 1.2992126 0 P 0
L 1.2480315 1.3385827 1.2716535 1.3385827 0 P 0
L 1.2598425 0.7755906 1.2598425 0.7992126 0 P 0
L 1.2598425 0.8149607 1.2598425 0.8385827 0 P 0
L 1.2598425 0.8740158 1.2598425 0.8976378 0 P 0
L 1.2598425 0.9330709 1.2598425 0.9566929 0 P 0
L 1.2598425 0.972441 1.2598425 0.996063 0 P 0
L 1.2598425 1.1692914 1.2598425 1.1929134 0 P 0
L 1.2598425 1.2283465 1.2598425 1.2519685 0 P 0
L 1.2598425 1.2874016 1.2598425 1.3110236 0 P 0
L 1.2598425 1.3267717 1.2598425 1.3503937 0 P 0
L 1.2848425 0.8558268 1.2848425 0.9158268 0 P 0
L 1.2848425 1.2101575 1.2848425 1.2701575 0 P 0
L 1.2893701 0.7716536 1.2893701 0.8031497 0 P 0
L 1.2893701 0.8110237 1.2893701 0.8425198 0 P 0
L 1.2893701 0.9291338 1.2893701 0.9606299 0 P 0
L 1.2893701 0.968504 1.2893701 1.0000001 0 P 0
L 1.2893701 1.1653543 1.2893701 1.1968504 0 P 0
L 1.2893701 1.2834645 1.2893701 1.3149606 0 P 0
L 1.2893701 1.3228347 1.2893701 1.3543308 0 P 0
L 1.3228346 0.777559 1.3228346 0.8366142 0 P 0
L 1.3228346 0.777559 1.3543307 0.777559 0 P 0
L 1.3228346 0.8366142 1.3543307 0.8366142 0 P 0
L 1.3267717 0.8070866 1.3503937 0.8070866 0 P 0
L 1.3385827 0.7952756 1.3385827 0.8188976 0 P 0
L 1.3543307 0.777559 1.3543307 0.8366142 0 P 0
L 1.3683228 0.7740866 1.3683228 0.8400866 0 P 0
L 1.3683228 0.7740866 1.4663228 0.7740866 0 P 0
L 1.3683228 0.8400866 1.4663228 0.8400866 0 P 0
L 1.3683228 0.9118819 1.3683228 0.9778819 0 P 0
L 1.3683228 0.9118819 1.4663228 0.9118819 0 P 0
L 1.3683228 0.9778819 1.4663228 0.9778819 0 P 0
L 1.3877952 0.1614174 1.3877952 0.1929135 0 P 0
L 1.3877952 0.1614174 1.4468504 0.1614174 0 P 0
L 1.3877952 0.1929135 1.4468504 0.1929135 0 P 0
L 1.3877952 0.2007874 1.3877952 0.2322835 0 P 0
L 1.3877952 0.2007874 1.4468504 0.2007874 0 P 0
L 1.3877952 0.2322835 1.4468504 0.2322835 0 P 0
L 1.3877952 1.0866141 1.3877952 1.1181102 0 P 0
L 1.3877952 1.0866141 1.4468504 1.0866141 0 P 0
L 1.3877952 1.1181102 1.4468504 1.1181102 0 P 0
L 1.3877952 1.1259842 1.3877952 1.1574803 0 P 0
L 1.3877952 1.1259842 1.4468504 1.1259842 0 P 0
L 1.3877952 1.1574803 1.4468504 1.1574803 0 P 0
L 1.3877952 1.1653543 1.3877952 1.1968504 0 P 0
L 1.3877952 1.1653543 1.4468504 1.1653543 0 P 0
L 1.3877952 1.1968504 1.4468504 1.1968504 0 P 0
L 1.3877952 1.2834646 1.3877952 1.3149607 0 P 0
L 1.3877952 1.2834646 1.4468504 1.2834646 0 P 0
L 1.3877952 1.3149607 1.4468504 1.3149607 0 P 0
L 1.3923228 1.2101575 1.3923228 1.2701575 0 P 0
L 1.3923228 1.2101575 1.4423228 1.2101575 0 P 0
L 1.3923228 1.2701575 1.4423228 1.2701575 0 P 0
L 1.4055118 0.1771654 1.4291338 0.1771654 0 P 0
L 1.4055118 0.2165354 1.4291338 0.2165354 0 P 0
L 1.4055118 0.8080866 1.4291338 0.8080866 0 P 0
L 1.4055118 0.9458819 1.4291338 0.9458819 0 P 0
L 1.4055118 1.1023622 1.4291338 1.1023622 0 P 0
L 1.4055118 1.1417323 1.4291338 1.1417323 0 P 0
L 1.4055118 1.1811024 1.4291338 1.1811024 0 P 0
L 1.4055118 1.2401575 1.4291338 1.2401575 0 P 0
L 1.4055118 1.2992126 1.4291338 1.2992126 0 P 0
L 1.4173228 0.1653544 1.4173228 0.1889764 0 P 0
L 1.4173228 0.2047244 1.4173228 0.2283464 0 P 0
L 1.4173228 0.7962756 1.4173228 0.8198976 0 P 0
L 1.4173228 0.9340709 1.4173228 0.9576929 0 P 0
L 1.4173228 1.0905512 1.4173228 1.1141732 0 P 0
L 1.4173228 1.1299213 1.4173228 1.1535433 0 P 0
L 1.4173228 1.1692914 1.4173228 1.1929134 0 P 0
L 1.4173228 1.2283465 1.4173228 1.2519685 0 P 0
L 1.4173228 1.2874016 1.4173228 1.3110236 0 P 0
L 1.4423228 1.2101575 1.4423228 1.2701575 0 P 0
L 1.4468504 0.1614174 1.4468504 0.1929135 0 P 0
L 1.4468504 0.2007874 1.4468504 0.2322835 0 P 0
L 1.4468504 1.0866141 1.4468504 1.1181102 0 P 0
L 1.4468504 1.1259842 1.4468504 1.1574803 0 P 0
L 1.4468504 1.1653543 1.4468504 1.1968504 0 P 0
L 1.4468504 1.2834646 1.4468504 1.3149607 0 P 0
L 1.4663228 0.7740866 1.4663228 0.8400866 0 P 0
L 1.4663228 0.9118819 1.4663228 0.9778819 0 P 0
L 1.7165355 0.4848424 1.7165355 0.5438976 0 P 0
L 1.7165355 0.4848424 1.7480316 0.4848424 0 P 0
L 1.7165355 0.5438976 1.7480316 0.5438976 0 P 0
L 1.7165355 1.1226373 1.7165355 1.1816925 0 P 0
L 1.7165355 1.1226373 1.7480316 1.1226373 0 P 0
L 1.7165355 1.1816925 1.7480316 1.1816925 0 P 0
L 1.7204725 0.51437 1.7440945 0.51437 0 P 0
L 1.7204725 1.1521649 1.7440945 1.1521649 0 P 0
L 1.7322835 0.502559 1.7322835 0.526181 0 P 0
L 1.7322835 1.1403539 1.7322835 1.1639759 0 P 0
L 1.7480316 0.4848424 1.7480316 0.5438976 0 P 0
L 1.7480316 1.1226373 1.7480316 1.1816925 0 P 0
L 1.7513937 0.0291102 1.7513937 0.2071102 0 P 0
L 1.7513937 0.0291102 1.9493937 0.0291102 0 P 0
L 1.7513937 0.2071102 1.9493937 0.2071102 0 P 0
L 1.7678346 0.2967717 1.7678346 1.4067717 0 P 0
L 1.7678346 0.2967717 2.8778346 0.2967717 0 P 0
L 1.7678346 1.4067717 2.8778346 1.4067717 0 P 0
L 1.785433 0.2185039 1.785433 0.2775591 0 P 0
L 1.785433 0.2185039 1.8169291 0.2185039 0 P 0
L 1.785433 0.2775591 1.8169291 0.2775591 0 P 0
L 1.7893701 0.2480315 1.8129921 0.2480315 0 P 0
L 1.8011811 0.2362205 1.8011811 0.2598425 0 P 0
L 1.8051181 0.0098426 1.8366142 0.0098426 0 P 0
L 1.8051181 -0.0492126 1.8051181 0.0098426 0 P 0
L 1.8051181 -0.0492126 1.8366142 -0.0492126 0 P 0
L 1.8090551 -0.019685 1.8326771 -0.019685 0 P 0
L 1.8169291 0.2185039 1.8169291 0.2775591 0 P 0
L 1.8208661 -0.031496 1.8208661 -0.007874 0 P 0
L 1.8248031 0.2185039 1.8248031 0.2775591 0 P 0
L 1.8248031 0.2185039 1.8562992 0.2185039 0 P 0
L 1.8248031 0.2775591 1.8562992 0.2775591 0 P 0
L 1.8287402 0.2480315 1.8523622 0.2480315 0 P 0
L 1.8366142 -0.0492126 1.8366142 0.0098426 0 P 0
L 1.8385827 0.1191102 1.8622047 0.1191102 0 P 0
L 1.8405512 0.2362205 1.8405512 0.2598425 0 P 0
L 1.8503937 0.1072992 1.8503937 0.1309212 0 P 0
L 1.8562992 0.2185039 1.8562992 0.2775591 0 P 0
L 1.9197079 1.424937 1.9197079 1.612937 0 P 0
L 1.9197079 1.424937 2.0767079 1.424937 0 P 0
L 1.9197079 1.612937 2.0767079 1.612937 0 P 0
L 1.9493937 0.0291102 1.9493937 0.2071102 0 P 0
L 1.9688969 1.518937 1.9925189 1.518937 0 P 0
L 1.9783464 0.0531496 1.9783464 0.0846457 0 P 0
L 1.9783464 0.0531496 2.0374016 0.0531496 0 P 0
L 1.9783464 0.0846457 2.0374016 0.0846457 0 P 0
L 1.9783464 0.0925197 1.9783464 0.1240158 0 P 0
L 1.9783464 0.0925197 2.0374016 0.0925197 0 P 0
L 1.9783464 0.1240158 2.0374016 0.1240158 0 P 0
L 1.9783464 0.1318898 1.9783464 0.1633859 0 P 0
L 1.9783464 0.1318898 2.0374016 0.1318898 0 P 0
L 1.9783464 0.1633859 2.0374016 0.1633859 0 P 0
L 1.9783464 0.1712598 1.9783464 0.2027559 0 P 0
L 1.9783464 0.1712598 2.0374016 0.1712598 0 P 0
L 1.9783464 0.2027559 2.0374016 0.2027559 0 P 0
L 1.9807079 1.507126 1.9807079 1.530748 0 P 0
L 1.996063 0.0688976 2.019685 0.0688976 0 P 0
L 1.996063 0.1082677 2.019685 0.1082677 0 P 0
L 1.996063 0.1476378 2.019685 0.1476378 0 P 0
L 1.996063 0.1870079 2.019685 0.1870079 0 P 0
L 2.007874 0.0570866 2.007874 0.0807086 0 P 0
L 2.007874 0.0964567 2.007874 0.1200787 0 P 0
L 2.007874 0.1358268 2.007874 0.1594488 0 P 0
L 2.007874 0.1751969 2.007874 0.1988189 0 P 0
L 2.0374016 0.0531496 2.0374016 0.0846457 0 P 0
L 2.0374016 0.0925197 2.0374016 0.1240158 0 P 0
L 2.0374016 0.1318898 2.0374016 0.1633859 0 P 0
L 2.0374016 0.1712598 2.0374016 0.2027559 0 P 0
L 2.0767079 1.424937 2.0767079 1.612937 0 P 0
L 2.0859047 1.5063385 2.0859047 1.5653937 0 P 0
L 2.0859047 1.5063385 2.1174008 1.5063385 0 P 0
L 2.0859047 1.5653937 2.1174008 1.5653937 0 P 0
L 2.0898418 1.5358661 2.1134638 1.5358661 0 P 0
L 2.1016528 1.5240551 2.1016528 1.5476771 0 P 0
L 2.1174008 1.5063385 2.1174008 1.5653937 0 P 0
L 2.1309047 1.5063385 2.1309047 1.5653937 0 P 0
L 2.1309047 1.5063385 2.1624008 1.5063385 0 P 0
L 2.1309047 1.5653937 2.1624008 1.5653937 0 P 0
L 2.1348418 1.5358661 2.1584638 1.5358661 0 P 0
L 2.1466528 1.5240551 2.1466528 1.5476771 0 P 0
L 2.1624008 1.5063385 2.1624008 1.5653937 0 P 0
L 2.1690543 1.5031889 2.1690543 1.534685 0 P 0
L 2.1690543 1.5031889 2.2281095 1.5031889 0 P 0
L 2.1690543 1.534685 2.2281095 1.534685 0 P 0
L 2.1867709 1.518937 2.2103929 1.518937 0 P 0
L 2.1985819 1.507126 2.1985819 1.530748 0 P 0
L 2.2238346 0.0291102 2.2238346 0.2071102 0 P 0
L 2.2238346 0.0291102 2.4218346 0.0291102 0 P 0
L 2.2238346 0.2071102 2.4218346 0.2071102 0 P 0
L 2.2281095 1.5031889 2.2281095 1.534685 0 P 0
L 2.2397629 1.5063385 2.2397629 1.5653937 0 P 0
L 2.2397629 1.5063385 2.271259 1.5063385 0 P 0
L 2.2397629 1.5653937 2.271259 1.5653937 0 P 0
L 2.2437 1.5358661 2.267322 1.5358661 0 P 0
L 2.255511 1.5240551 2.255511 1.5476771 0 P 0
L 2.2578739 0.0098426 2.28937 0.0098426 0 P 0
L 2.2578739 -0.0492126 2.2578739 0.0098426 0 P 0
L 2.2578739 -0.0492126 2.28937 -0.0492126 0 P 0
L 2.2578739 0.2185039 2.2578739 0.2775591 0 P 0
L 2.2578739 0.2185039 2.28937 0.2185039 0 P 0
L 2.2578739 0.2775591 2.28937 0.2775591 0 P 0
L 2.2618109 -0.019685 2.2854329 -0.019685 0 P 0
L 2.261811 0.2480315 2.285433 0.2480315 0 P 0
L 2.271259 1.5063385 2.271259 1.5653937 0 P 0
L 2.2736219 -0.031496 2.2736219 -0.007874 0 P 0
L 2.273622 0.2362205 2.273622 0.2598425 0 P 0
L 2.28937 -0.0492126 2.28937 0.0098426 0 P 0
L 2.28937 0.2185039 2.28937 0.2775591 0 P 0
L 2.2897629 1.5063385 2.2897629 1.5653937 0 P 0
L 2.2897629 1.5063385 2.321259 1.5063385 0 P 0
L 2.2897629 1.5653937 2.321259 1.5653937 0 P 0
L 2.2937 1.5358661 2.317322 1.5358661 0 P 0
L 2.297244 0.0098426 2.3287401 0.0098426 0 P 0
L 2.297244 -0.0492126 2.297244 0.0098426 0 P 0
L 2.297244 -0.0492126 2.3287401 -0.0492126 0 P 0
L 2.297244 0.2185039 2.297244 0.2775591 0 P 0
L 2.297244 0.2185039 2.3287401 0.2185039 0 P 0
L 2.297244 0.2775591 2.3287401 0.2775591 0 P 0
L 2.301181 -0.019685 2.324803 -0.019685 0 P 0
L 2.3011811 0.2480315 2.3248031 0.2480315 0 P 0
L 2.305511 1.5240551 2.305511 1.5476771 0 P 0
L 2.3110236 0.1191102 2.3346456 0.1191102 0 P 0
L 2.3110236 0.8517717 2.3346456 0.8517717 0 P 0
L 2.312992 -0.031496 2.312992 -0.007874 0 P 0
L 2.3129921 0.2362205 2.3129921 0.2598425 0 P 0
L 2.321259 1.5063385 2.321259 1.5653937 0 P 0
L 2.3228346 0.1072992 2.3228346 0.1309212 0 P 0
L 2.3228346 0.8399607 2.3228346 0.8635827 0 P 0
L 2.3287401 -0.0492126 2.3287401 0.0098426 0 P 0
L 2.3287401 0.2185039 2.3287401 0.2775591 0 P 0
L 2.3366141 0.0098426 2.3681102 0.0098426 0 P 0
L 2.3366141 -0.0492126 2.3366141 0.0098426 0 P 0
L 2.3366141 -0.0492126 2.3681102 -0.0492126 0 P 0
L 2.3366141 0.2185039 2.3366141 0.2775591 0 P 0
L 2.3366141 0.2185039 2.3681102 0.2185039 0 P 0
L 2.3366141 0.2775591 2.3681102 0.2775591 0 P 0
L 2.3405511 -0.019685 2.3641731 -0.019685 0 P 0
L 2.3405512 0.2480315 2.3641732 0.2480315 0 P 0
L 2.3523621 -0.031496 2.3523621 -0.007874 0 P 0
L 2.3523622 0.2362205 2.3523622 0.2598425 0 P 0
L 2.3681102 -0.0492126 2.3681102 0.0098426 0 P 0
L 2.3681102 0.2185039 2.3681102 0.2775591 0 P 0
L 2.3759843 0.2185039 2.3759843 0.2775591 0 P 0
L 2.3759843 0.2185039 2.4074804 0.2185039 0 P 0
L 2.3759843 0.2775591 2.4074804 0.2775591 0 P 0
L 2.3799213 0.2480315 2.4035433 0.2480315 0 P 0
L 2.3917323 0.2362205 2.3917323 0.2598425 0 P 0
L 2.4074804 0.2185039 2.4074804 0.2775591 0 P 0
L 2.4218346 0.0291102 2.4218346 0.2071102 0 P 0
L 2.4507874 0.0531496 2.4507874 0.0846457 0 P 0
L 2.4507874 0.0531496 2.5098426 0.0531496 0 P 0
L 2.4507874 0.0846457 2.5098426 0.0846457 0 P 0
L 2.4507874 0.0925197 2.4507874 0.1240158 0 P 0
L 2.4507874 0.0925197 2.5098426 0.0925197 0 P 0
L 2.4507874 0.1240158 2.5098426 0.1240158 0 P 0
L 2.4507874 0.1318898 2.4507874 0.1633859 0 P 0
L 2.4507874 0.1318898 2.5098426 0.1318898 0 P 0
L 2.4507874 0.1633859 2.5098426 0.1633859 0 P 0
L 2.4507874 0.1712598 2.4507874 0.2027559 0 P 0
L 2.4507874 0.1712598 2.5098426 0.1712598 0 P 0
L 2.4507874 0.2027559 2.5098426 0.2027559 0 P 0
L 2.468504 0.0688977 2.492126 0.0688977 0 P 0
L 2.468504 0.1082677 2.492126 0.1082677 0 P 0
L 2.468504 0.1476378 2.492126 0.1476378 0 P 0
L 2.468504 0.1870078 2.492126 0.1870078 0 P 0
L 2.480315 0.0570867 2.480315 0.0807087 0 P 0
L 2.480315 0.0964567 2.480315 0.1200787 0 P 0
L 2.480315 0.1358268 2.480315 0.1594488 0 P 0
L 2.480315 0.1751968 2.480315 0.1988188 0 P 0
L 2.5098426 0.0531496 2.5098426 0.0846457 0 P 0
L 2.5098426 0.0925197 2.5098426 0.1240158 0 P 0
L 2.5098426 0.1318898 2.5098426 0.1633859 0 P 0
L 2.5098426 0.1712598 2.5098426 0.2027559 0 P 0
L 2.6962756 0.0291102 2.6962756 0.2071102 0 P 0
L 2.6962756 0.0291102 2.8942756 0.0291102 0 P 0
L 2.6962756 0.2071102 2.8942756 0.2071102 0 P 0
L 2.7106299 0.0098426 2.742126 0.0098426 0 P 0
L 2.7106299 -0.0492126 2.7106299 0.0098426 0 P 0
L 2.7106299 -0.0492126 2.742126 -0.0492126 0 P 0
L 2.7106299 0.2185039 2.7106299 0.2775591 0 P 0
L 2.7106299 0.2185039 2.742126 0.2185039 0 P 0
L 2.7106299 0.2775591 2.742126 0.2775591 0 P 0
L 2.7145669 -0.019685 2.7381889 -0.019685 0 P 0
L 2.714567 0.2480315 2.738189 0.2480315 0 P 0
L 2.7263779 -0.031496 2.7263779 -0.007874 0 P 0
L 2.726378 0.2362205 2.726378 0.2598425 0 P 0
L 2.742126 -0.0492126 2.742126 0.0098426 0 P 0
L 2.742126 0.2185039 2.742126 0.2775591 0 P 0
L 2.7499999 0.0098426 2.781496 0.0098426 0 P 0
L 2.7499999 -0.0492126 2.7499999 0.0098426 0 P 0
L 2.7499999 -0.0492126 2.781496 -0.0492126 0 P 0
L 2.7499999 0.2185039 2.7499999 0.2775591 0 P 0
L 2.7499999 0.2185039 2.781496 0.2185039 0 P 0
L 2.7499999 0.2775591 2.781496 0.2775591 0 P 0
L 2.7539369 -0.019685 2.7775589 -0.019685 0 P 0
L 2.753937 0.2480315 2.777559 0.2480315 0 P 0
L 2.7657479 -0.031496 2.7657479 -0.007874 0 P 0
L 2.765748 0.2362205 2.765748 0.2598425 0 P 0
L 2.781496 -0.0492126 2.781496 0.0098426 0 P 0
L 2.781496 0.2185039 2.781496 0.2775591 0 P 0
L 2.7834646 0.1191102 2.8070866 0.1191102 0 P 0
L 2.78937 0.0098426 2.8208661 0.0098426 0 P 0
L 2.78937 -0.0492126 2.78937 0.0098426 0 P 0
L 2.78937 -0.0492126 2.8208661 -0.0492126 0 P 0
L 2.78937 0.2185039 2.78937 0.2775591 0 P 0
L 2.78937 0.2185039 2.8208661 0.2185039 0 P 0
L 2.78937 0.2775591 2.8208661 0.2775591 0 P 0
L 2.793307 -0.019685 2.816929 -0.019685 0 P 0
L 2.7933071 0.2480315 2.8169291 0.2480315 0 P 0
L 2.7952756 0.1072992 2.7952756 0.1309212 0 P 0
L 2.805118 -0.031496 2.805118 -0.007874 0 P 0
L 2.8051181 0.2362205 2.8051181 0.2598425 0 P 0
L 2.8208661 -0.0492126 2.8208661 0.0098426 0 P 0
L 2.8208661 0.2185039 2.8208661 0.2775591 0 P 0
L 2.8287401 0.0098426 2.8602362 0.0098426 0 P 0
L 2.8287401 -0.0492126 2.8287401 0.0098426 0 P 0
L 2.8287401 -0.0492126 2.8602362 -0.0492126 0 P 0
L 2.8287401 0.2185039 2.8287401 0.2775591 0 P 0
L 2.8287401 0.2185039 2.8602362 0.2185039 0 P 0
L 2.8287401 0.2775591 2.8602362 0.2775591 0 P 0
L 2.8326771 -0.019685 2.8562991 -0.019685 0 P 0
L 2.8326772 0.2480315 2.8562992 0.2480315 0 P 0
L 2.8444881 -0.031496 2.8444881 -0.007874 0 P 0
L 2.8444882 0.2362205 2.8444882 0.2598425 0 P 0
L 2.8602362 -0.0492126 2.8602362 0.0098426 0 P 0
L 2.8602362 0.2185039 2.8602362 0.2775591 0 P 0
L 2.8681103 0.2185039 2.8681103 0.2775591 0 P 0
L 2.8681103 0.2185039 2.8996064 0.2185039 0 P 0
L 2.8681103 0.2775591 2.8996064 0.2775591 0 P 0
L 2.8720473 0.2480315 2.8956693 0.2480315 0 P 0
L 2.8778346 0.2967717 2.8778346 1.4067717 0 P 0
L 2.8838583 0.2362205 2.8838583 0.2598425 0 P 0
L 2.8942756 0.0291102 2.8942756 0.2071102 0 P 0
L 2.8976378 0.5927164 2.8976378 0.6517716 0 P 0
L 2.8976378 0.5927164 2.9291339 0.5927164 0 P 0
L 2.8976378 0.6517716 2.9291339 0.6517716 0 P 0
L 2.8996064 0.2185039 2.8996064 0.2775591 0 P 0
L 2.9015748 0.622244 2.9251968 0.622244 0 P 0
L 2.9133858 0.610433 2.9133858 0.634055 0 P 0
L 2.9232283 0.0531496 2.9232283 0.0846457 0 P 0
L 2.9232283 0.0531496 2.9822835 0.0531496 0 P 0
L 2.9232283 0.0846457 2.9822835 0.0846457 0 P 0
L 2.9232283 0.0925197 2.9232283 0.1240158 0 P 0
L 2.9232283 0.0925197 2.9822835 0.0925197 0 P 0
L 2.9232283 0.1240158 2.9822835 0.1240158 0 P 0
L 2.9232283 0.1318898 2.9232283 0.1633859 0 P 0
L 2.9232283 0.1318898 2.9822835 0.1318898 0 P 0
L 2.9232283 0.1633859 2.9822835 0.1633859 0 P 0
L 2.9232283 0.1712598 2.9232283 0.2027559 0 P 0
L 2.9232283 0.1712598 2.9822835 0.1712598 0 P 0
L 2.9232283 0.2027559 2.9822835 0.2027559 0 P 0
L 2.9291339 0.5927164 2.9291339 0.6517716 0 P 0
L 2.9308071 1.0277323 2.9308071 1.0657323 0 P 0
L 2.9308071 1.0277323 3.0308071 1.0277323 0 P 0
L 2.9308071 1.0657323 3.0308071 1.0657323 0 P 0
L 2.9409449 0.0688976 2.9645669 0.0688976 0 P 0
L 2.9409449 0.1082677 2.9645669 0.1082677 0 P 0
L 2.9409449 0.1476378 2.9645669 0.1476378 0 P 0
L 2.9409449 0.1870079 2.9645669 0.1870079 0 P 0
L 2.9492519 0.8185433 2.9492519 0.8775985 0 P 0
L 2.9492519 0.8185433 2.980748 0.8185433 0 P 0
L 2.9492519 0.8775985 2.980748 0.8775985 0 P 0
L 2.9527559 0.0570866 2.9527559 0.0807086 0 P 0
L 2.9527559 0.0964567 2.9527559 0.1200787 0 P 0
L 2.9527559 0.1358268 2.9527559 0.1594488 0 P 0
L 2.9527559 0.1751969 2.9527559 0.1988189 0 P 0
L 2.953189 0.8480709 2.976811 0.8480709 0 P 0
L 2.965 0.8362599 2.965 0.8598819 0 P 0
L 2.9689961 1.0467323 2.9926181 1.0467323 0 P 0
L 2.9718504 1.0703543 2.9718504 1.1018504 0 P 0
L 2.9718504 1.0703543 3.0309056 1.0703543 0 P 0
L 2.9718504 1.1018504 3.0309056 1.1018504 0 P 0
L 2.9718504 1.1097243 2.9718504 1.1412204 0 P 0
L 2.9718504 1.1097243 3.0309056 1.1097243 0 P 0
L 2.9718504 1.1412204 3.0309056 1.1412204 0 P 0
L 2.980748 0.8185433 2.980748 0.8775985 0 P 0
L 2.9808071 1.0349213 2.9808071 1.0585433 0 P 0
L 2.9822835 0.0531496 2.9822835 0.0846457 0 P 0
L 2.9822835 0.0925197 2.9822835 0.1240158 0 P 0
L 2.9822835 0.1318898 2.9822835 0.1633859 0 P 0
L 2.9822835 0.1712598 2.9822835 0.2027559 0 P 0
L 2.9892126 0.7061417 2.9892126 0.8351417 0 P 0
L 2.9892126 0.7061417 3.1092126 0.7061417 0 P 0
L 2.9892126 0.8351417 3.1092126 0.8351417 0 P 0
L 2.989567 1.0861024 3.013189 1.0861024 0 P 0
L 2.989567 1.1254724 3.013189 1.1254724 0 P 0
L 2.992811 0.9179921 2.992811 1.0179921 0 P 0
L 2.992811 0.9179921 3.030811 0.9179921 0 P 0
L 2.992811 1.0179921 3.030811 1.0179921 0 P 0
L 2.9951574 0.3485039 2.9951574 0.38 0 P 0
L 2.9951574 0.3485039 3.0542126 0.3485039 0 P 0
L 2.9951574 0.38 3.0542126 0.38 0 P 0
L 2.9951574 0.3878738 2.9951574 0.4193699 0 P 0
L 2.9951574 0.3878738 3.0542126 0.3878738 0 P 0
L 2.9951574 0.4193699 3.0542126 0.4193699 0 P 0
L 2.9951574 0.4272439 2.9951574 0.45874 0 P 0
L 2.9951574 0.4272439 3.0542126 0.4272439 0 P 0
L 2.9951574 0.45874 3.0542126 0.45874 0 P 0
L 2.9960629 0.6235039 2.9960629 0.6825591 0 P 0
L 2.9960629 0.6235039 3.027559 0.6235039 0 P 0
L 2.9960629 0.6825591 3.027559 0.6825591 0 P 0
L 2.9992125 0.8492519 2.9992125 0.880748 0 P 0
L 2.9992125 0.8492519 3.0582677 0.8492519 0 P 0
L 2.9992125 0.880748 3.0582677 0.880748 0 P 0
L 2.999685 0.470748 2.999685 0.530748 0 P 0
L 2.999685 0.470748 3.049685 0.470748 0 P 0
L 2.999685 0.530748 3.049685 0.530748 0 P 0
L 3 0.6530315 3.023622 0.6530315 0 P 0
L 3 0.9679921 3.023622 0.9679921 0 P 0
L 3.001378 1.0742914 3.001378 1.0979134 0 P 0
L 3.001378 1.1136614 3.001378 1.1372834 0 P 0
L 3.011811 0.6412205 3.011811 0.6648425 0 P 0
L 3.011811 0.9561811 3.011811 0.9798031 0 P 0
L 3.012874 0.364252 3.036496 0.364252 0 P 0
L 3.012874 0.4036218 3.036496 0.4036218 0 P 0
L 3.012874 0.442992 3.036496 0.442992 0 P 0
L 3.012874 0.500748 3.036496 0.500748 0 P 0
L 3.0169291 0.865 3.0405511 0.865 0 P 0
L 3.024685 0.352441 3.024685 0.376063 0 P 0
L 3.024685 0.3918108 3.024685 0.4154328 0 P 0
L 3.024685 0.431181 3.024685 0.454803 0 P 0
L 3.024685 0.488937 3.024685 0.512559 0 P 0
L 3.027559 0.6235039 3.027559 0.6825591 0 P 0
L 3.0287401 0.853189 3.0287401 0.876811 0 P 0
L 3.0308071 1.0277323 3.0308071 1.0657323 0 P 0
L 3.030811 0.9179921 3.030811 1.0179921 0 P 0
L 3.0309056 1.0703543 3.0309056 1.1018504 0 P 0
L 3.0309056 1.1097243 3.0309056 1.1412204 0 P 0
L 3.0334646 0.6235039 3.0334646 0.6825591 0 P 0
L 3.0334646 0.6235039 3.0649607 0.6235039 0 P 0
L 3.0334646 0.6825591 3.0649607 0.6825591 0 P 0
L 3.0374016 0.6530315 3.0610236 0.6530315 0 P 0
L 3.0374016 0.7711417 3.0610236 0.7711417 0 P 0
L 3.0492126 0.6412205 3.0492126 0.6648425 0 P 0
L 3.0492126 0.7593307 3.0492126 0.7829527 0 P 0
L 3.049685 0.470748 3.049685 0.530748 0 P 0
L 3.0542126 0.3485039 3.0542126 0.38 0 P 0
L 3.0542126 0.3878738 3.0542126 0.4193699 0 P 0
L 3.0542126 0.4272439 3.0542126 0.45874 0 P 0
L 3.0557086 1.0703544 3.0557086 1.1018505 0 P 0
L 3.0557086 1.0703544 3.1147638 1.0703544 0 P 0
L 3.0557086 1.1018505 3.1147638 1.1018505 0 P 0
L 3.0557086 1.1097244 3.0557086 1.1412205 0 P 0
L 3.0557086 1.1097244 3.1147638 1.1097244 0 P 0
L 3.0557086 1.1412205 3.1147638 1.1412205 0 P 0
L 3.0558032 0.9179921 3.0558032 1.0179921 0 P 0
L 3.0558032 0.9179921 3.0938032 0.9179921 0 P 0
L 3.0558032 1.0179921 3.0938032 1.0179921 0 P 0
L 3.0558071 1.0277323 3.0558071 1.0657323 0 P 0
L 3.0558071 1.0277323 3.1558071 1.0277323 0 P 0
L 3.0558071 1.0657323 3.1558071 1.0657323 0 P 0
L 3.0582677 0.8492519 3.0582677 0.880748 0 P 0
L 3.0629133 0.3485039 3.0629133 0.38 0 P 0
L 3.0629133 0.3485039 3.1219685 0.3485039 0 P 0
L 3.0629133 0.38 3.1219685 0.38 0 P 0
L 3.0629133 0.3878738 3.0629133 0.4193699 0 P 0
L 3.0629133 0.3878738 3.1219685 0.3878738 0 P 0
L 3.0629133 0.4193699 3.1219685 0.4193699 0 P 0
L 3.0629133 0.4272439 3.0629133 0.45874 0 P 0
L 3.0629133 0.4272439 3.1219685 0.4272439 0 P 0
L 3.0629133 0.45874 3.1219685 0.45874 0 P 0
L 3.0629922 0.9679921 3.0866142 0.9679921 0 P 0
L 3.0649607 0.6235039 3.0649607 0.6825591 0 P 0
L 3.0674409 0.470748 3.0674409 0.530748 0 P 0
L 3.0674409 0.470748 3.1174409 0.470748 0 P 0
L 3.0674409 0.530748 3.1174409 0.530748 0 P 0
L 3.0708662 0.6235039 3.0708662 0.6825591 0 P 0
L 3.0708662 0.6235039 3.1023623 0.6235039 0 P 0
L 3.0708662 0.6825591 3.1023623 0.6825591 0 P 0
L 3.0734252 1.0861024 3.0970472 1.0861024 0 P 0
L 3.0734252 1.1254724 3.0970472 1.1254724 0 P 0
L 3.0748032 0.6530315 3.0984252 0.6530315 0 P 0
L 3.0748032 0.9561811 3.0748032 0.9798031 0 P 0
L 3.0806299 0.364252 3.1042519 0.364252 0 P 0
L 3.0806299 0.4036218 3.1042519 0.4036218 0 P 0
L 3.0806299 0.442992 3.1042519 0.442992 0 P 0
L 3.0806299 0.500748 3.1042519 0.500748 0 P 0
L 3.0852362 1.0742914 3.0852362 1.0979134 0 P 0
L 3.0852362 1.1136614 3.0852362 1.1372834 0 P 0
L 3.0866142 0.6412205 3.0866142 0.6648425 0 P 0
L 3.0924409 0.352441 3.0924409 0.376063 0 P 0
L 3.0924409 0.3918108 3.0924409 0.4154328 0 P 0
L 3.0924409 0.431181 3.0924409 0.454803 0 P 0
L 3.0924409 0.488937 3.0924409 0.512559 0 P 0
L 3.0938032 0.9179921 3.0938032 1.0179921 0 P 0
L 3.0939961 1.0467323 3.1176181 1.0467323 0 P 0
L 3.1023623 0.6235039 3.1023623 0.6825591 0 P 0
L 3.1058071 1.0349213 3.1058071 1.0585433 0 P 0
L 3.1092126 0.7061417 3.1092126 0.8351417 0 P 0
L 3.1147638 1.0703544 3.1147638 1.1018505 0 P 0
L 3.1147638 1.1097244 3.1147638 1.1412205 0 P 0
L 3.1174409 0.470748 3.1174409 0.530748 0 P 0
L 3.1219685 0.3485039 3.1219685 0.38 0 P 0
L 3.1219685 0.3878738 3.1219685 0.4193699 0 P 0
L 3.1219685 0.4272439 3.1219685 0.45874 0 P 0
L 3.1558071 1.0277323 3.1558071 1.0657323 0 P 0
