#Layer_Color=32768
#
#Feature symbol names
#
$0 r3.937
$1 r1.9685

#
#Feature attribute names
#

#
#Layer features
#
A 0.9212598 0.1141732 0.9212598 0.1141732 0.9015748 0.1141732 0 P 0 N
L 0.1673228 0.0466536 0.1673228 0.0781496 1 P 0
L 0.1673228 0.0466536 0.226378 0.0466536 1 P 0
L 0.1673228 0.0781496 0.226378 0.0781496 1 P 0
L 0.1673228 0.0966536 0.1673228 0.1281496 1 P 0
L 0.1673228 0.0966536 0.226378 0.0966536 1 P 0
L 0.1673228 0.1281496 0.226378 0.1281496 1 P 0
L 0.1673228 0.1466536 0.1673228 0.1781496 1 P 0
L 0.1673228 0.1466536 0.226378 0.1466536 1 P 0
L 0.1673228 0.1781496 0.226378 0.1781496 1 P 0
L 0.1673228 0.2466536 0.1673228 0.2781496 1 P 0
L 0.1673228 0.2466536 0.226378 0.2466536 1 P 0
L 0.1673228 0.2781496 0.226378 0.2781496 1 P 0
L 0.1673228 0.2966536 0.1673228 0.3281496 1 P 0
L 0.1673228 0.2966536 0.226378 0.2966536 1 P 0
L 0.1673228 0.3281496 0.226378 0.3281496 1 P 0
L 0.1673228 0.3466536 0.1673228 0.3781496 1 P 0
L 0.1673228 0.3466536 0.226378 0.3466536 1 P 0
L 0.1673228 0.3781496 0.226378 0.3781496 1 P 0
L 0.1673228 0.3966536 0.1673228 0.4281496 1 P 0
L 0.1673228 0.3966536 0.226378 0.3966536 1 P 0
L 0.1673228 0.4281496 0.226378 0.4281496 1 P 0
L 0.1673228 0.4466536 0.1673228 0.4781496 1 P 0
L 0.1673228 0.4466536 0.226378 0.4466536 1 P 0
L 0.1673228 0.4781496 0.226378 0.4781496 1 P 0
L 0.1673228 0.4966536 0.1673228 0.5281496 1 P 0
L 0.1673228 0.4966536 0.226378 0.4966536 1 P 0
L 0.1673228 0.5281496 0.226378 0.5281496 1 P 0
L 0.1673228 0.5466536 0.1673228 0.5781496 1 P 0
L 0.1673228 0.5466536 0.226378 0.5466536 1 P 0
L 0.1673228 0.5781496 0.226378 0.5781496 1 P 0
L 0.1673228 0.5966536 0.1673228 0.6281496 1 P 0
L 0.1673228 0.5966536 0.226378 0.5966536 1 P 0
L 0.1673228 0.6281496 0.226378 0.6281496 1 P 0
L 0.1673228 0.6466536 0.1673228 0.6781496 1 P 0
L 0.1673228 0.6466536 0.226378 0.6466536 1 P 0
L 0.1673228 0.6781496 0.226378 0.6781496 1 P 0
L 0.1673228 0.6966536 0.1673228 0.7281496 1 P 0
L 0.1673228 0.6966536 0.226378 0.6966536 1 P 0
L 0.1673228 0.7281496 0.226378 0.7281496 1 P 0
L 0.1673228 0.7466536 0.1673228 0.7781496 1 P 0
L 0.1673228 0.7466536 0.226378 0.7466536 1 P 0
L 0.1673228 0.7781496 0.226378 0.7781496 1 P 0
L 0.1673228 0.7966536 0.1673228 0.8281496 1 P 0
L 0.1673228 0.7966536 0.226378 0.7966536 1 P 0
L 0.1673228 0.8281496 0.226378 0.8281496 1 P 0
L 0.1673228 0.8466536 0.1673228 0.8781496 1 P 0
L 0.1673228 0.8466536 0.226378 0.8466536 1 P 0
L 0.1673228 0.8781496 0.226378 0.8781496 1 P 0
L 0.1673228 0.8966536 0.1673228 0.9281496 1 P 0
L 0.1673228 0.8966536 0.226378 0.8966536 1 P 0
L 0.1673228 0.9281496 0.226378 0.9281496 1 P 0
L 0.1673228 0.9466536 0.1673228 0.9781496 1 P 0
L 0.1673228 0.9466536 0.226378 0.9466536 1 P 0
L 0.1673228 0.9781496 0.226378 0.9781496 1 P 0
L 0.1673228 0.9966536 0.1673228 1.0281496 1 P 0
L 0.1673228 0.9966536 0.226378 0.9966536 1 P 0
L 0.1673228 1.0281496 0.226378 1.0281496 1 P 0
L 0.1673228 1.0466536 0.1673228 1.0781496 1 P 0
L 0.1673228 1.0466536 0.226378 1.0466536 1 P 0
L 0.1673228 1.0781496 0.226378 1.0781496 1 P 0
L 0.1673228 1.0966536 0.1673228 1.1281496 1 P 0
L 0.1673228 1.0966536 0.226378 1.0966536 1 P 0
L 0.1673228 1.1281496 0.226378 1.1281496 1 P 0
L 0.1673228 1.1466536 0.1673228 1.1781496 1 P 0
L 0.1673228 1.1466536 0.226378 1.1466536 1 P 0
L 0.1673228 1.1781496 0.226378 1.1781496 1 P 0
L 0.1673228 1.1966536 0.1673228 1.2281496 1 P 0
L 0.1673228 1.1966536 0.226378 1.1966536 1 P 0
L 0.1673228 1.2281496 0.226378 1.2281496 1 P 0
L 0.1673228 1.2466536 0.1673228 1.2781496 1 P 0
L 0.1673228 1.2466536 0.226378 1.2466536 1 P 0
L 0.1673228 1.2781496 0.226378 1.2781496 1 P 0
L 0.1673228 1.2966536 0.1673228 1.3281496 1 P 0
L 0.1673228 1.2966536 0.226378 1.2966536 1 P 0
L 0.1673228 1.3281496 0.226378 1.3281496 1 P 0
L 0.1673228 1.3466536 0.1673228 1.3781496 1 P 0
L 0.1673228 1.3466536 0.226378 1.3466536 1 P 0
L 0.1673228 1.3781496 0.226378 1.3781496 1 P 0
L 0.1673228 1.3966536 0.1673228 1.4281496 1 P 0
L 0.1673228 1.3966536 0.226378 1.3966536 1 P 0
L 0.1673228 1.4281496 0.226378 1.4281496 1 P 0
L 0.1673228 1.4466536 0.1673228 1.4781496 1 P 0
L 0.1673228 1.4466536 0.226378 1.4466536 1 P 0
L 0.1673228 1.4781496 0.226378 1.4781496 1 P 0
L 0.226378 0.0466536 0.226378 0.0781496 1 P 0
L 0.226378 0.0966536 0.226378 0.1281496 1 P 0
L 0.226378 0.1466536 0.226378 0.1781496 1 P 0
L 0.226378 0.2466536 0.226378 0.2781496 1 P 0
L 0.226378 0.2966536 0.226378 0.3281496 1 P 0
L 0.226378 0.3466536 0.226378 0.3781496 1 P 0
L 0.226378 0.3966536 0.226378 0.4281496 1 P 0
L 0.226378 0.4466536 0.226378 0.4781496 1 P 0
L 0.226378 0.4966536 0.226378 0.5281496 1 P 0
L 0.226378 0.5466536 0.226378 0.5781496 1 P 0
L 0.226378 0.5966536 0.226378 0.6281496 1 P 0
L 0.226378 0.6466536 0.226378 0.6781496 1 P 0
L 0.226378 0.6966536 0.226378 0.7281496 1 P 0
L 0.226378 0.7466536 0.226378 0.7781496 1 P 0
L 0.226378 0.7966536 0.226378 0.8281496 1 P 0
L 0.226378 0.8466536 0.226378 0.8781496 1 P 0
L 0.226378 0.8966536 0.226378 0.9281496 1 P 0
L 0.226378 0.9466536 0.226378 0.9781496 1 P 0
L 0.226378 0.9966536 0.226378 1.0281496 1 P 0
L 0.226378 1.0466536 0.226378 1.0781496 1 P 0
L 0.226378 1.0966536 0.226378 1.1281496 1 P 0
L 0.226378 1.1466536 0.226378 1.1781496 1 P 0
L 0.226378 1.1966536 0.226378 1.2281496 1 P 0
L 0.226378 1.2466536 0.226378 1.2781496 1 P 0
L 0.226378 1.2966536 0.226378 1.3281496 1 P 0
L 0.226378 1.3466536 0.226378 1.3781496 1 P 0
L 0.226378 1.3966536 0.226378 1.4281496 1 P 0
L 0.226378 1.4466536 0.226378 1.4781496 1 P 0
L 0.5610236 0.0966537 0.5610236 0.1281497 1 P 0
L 0.5610236 0.0966537 0.6200788 0.0966537 1 P 0
L 0.5610236 0.1281497 0.6200788 0.1281497 1 P 0
L 0.5610236 0.1466537 0.5610236 0.1781497 1 P 0
L 0.5610236 0.1466537 0.6200788 0.1466537 1 P 0
L 0.5610236 0.1781497 0.6200788 0.1781497 1 P 0
L 0.5610236 0.1966537 0.5610236 0.2281497 1 P 0
L 0.5610236 0.1966537 0.6200788 0.1966537 1 P 0
L 0.5610236 0.2281497 0.6200788 0.2281497 1 P 0
L 0.5610236 0.2466537 0.5610236 0.2781497 1 P 0
L 0.5610236 0.2466537 0.6200788 0.2466537 1 P 0
L 0.5610236 0.2781497 0.6200788 0.2781497 1 P 0
L 0.5610236 0.2966537 0.5610236 0.3281497 1 P 0
L 0.5610236 0.2966537 0.6200788 0.2966537 1 P 0
L 0.5610236 0.3281497 0.6200788 0.3281497 1 P 0
L 0.5610236 0.3466537 0.5610236 0.3781497 1 P 0
L 0.5610236 0.3466537 0.6200788 0.3466537 1 P 0
L 0.5610236 0.3781497 0.6200788 0.3781497 1 P 0
L 0.5610236 0.3966537 0.5610236 0.4281497 1 P 0
L 0.5610236 0.3966537 0.6200788 0.3966537 1 P 0
L 0.5610236 0.4281497 0.6200788 0.4281497 1 P 0
L 0.5610236 0.4466537 0.5610236 0.4781497 1 P 0
L 0.5610236 0.4466537 0.6200788 0.4466537 1 P 0
L 0.5610236 0.4781497 0.6200788 0.4781497 1 P 0
L 0.5610236 0.4966537 0.5610236 0.5281497 1 P 0
L 0.5610236 0.4966537 0.6200788 0.4966537 1 P 0
L 0.5610236 0.5281497 0.6200788 0.5281497 1 P 0
L 0.5610236 0.5466537 0.5610236 0.5781497 1 P 0
L 0.5610236 0.5466537 0.6200788 0.5466537 1 P 0
L 0.5610236 0.5781497 0.6200788 0.5781497 1 P 0
L 0.5610236 0.5966537 0.5610236 0.6281497 1 P 0
L 0.5610236 0.5966537 0.6200788 0.5966537 1 P 0
L 0.5610236 0.6281497 0.6200788 0.6281497 1 P 0
L 0.5610236 0.6466537 0.5610236 0.6781497 1 P 0
L 0.5610236 0.6466537 0.6200788 0.6466537 1 P 0
L 0.5610236 0.6781497 0.6200788 0.6781497 1 P 0
L 0.5610236 0.6966537 0.5610236 0.7281497 1 P 0
L 0.5610236 0.6966537 0.6200788 0.6966537 1 P 0
L 0.5610236 0.7281497 0.6200788 0.7281497 1 P 0
L 0.5610236 0.7466537 0.5610236 0.7781497 1 P 0
L 0.5610236 0.7466537 0.6200788 0.7466537 1 P 0
L 0.5610236 0.7781497 0.6200788 0.7781497 1 P 0
L 0.5610236 0.7966537 0.5610236 0.8281497 1 P 0
L 0.5610236 0.7966537 0.6200788 0.7966537 1 P 0
L 0.5610236 0.8281497 0.6200788 0.8281497 1 P 0
L 0.5610236 0.8466537 0.5610236 0.8781497 1 P 0
L 0.5610236 0.8466537 0.6200788 0.8466537 1 P 0
L 0.5610236 0.8781497 0.6200788 0.8781497 1 P 0
L 0.5610236 0.8966537 0.5610236 0.9281497 1 P 0
L 0.5610236 0.8966537 0.6200788 0.8966537 1 P 0
L 0.5610236 0.9281497 0.6200788 0.9281497 1 P 0
L 0.5610236 0.9466537 0.5610236 0.9781497 1 P 0
L 0.5610236 0.9466537 0.6200788 0.9466537 1 P 0
L 0.5610236 0.9781497 0.6200788 0.9781497 1 P 0
L 0.5610236 0.9966537 0.5610236 1.0281497 1 P 0
L 0.5610236 0.9966537 0.6200788 0.9966537 1 P 0
L 0.5610236 1.0281497 0.6200788 1.0281497 1 P 0
L 0.5610236 1.0466536 0.5610236 1.0781496 1 P 0
L 0.5610236 1.0466536 0.6200788 1.0466536 1 P 0
L 0.5610236 1.0781496 0.6200788 1.0781496 1 P 0
L 0.5610236 1.0966535 0.5610236 1.1281495 1 P 0
L 0.5610236 1.0966535 0.6200788 1.0966535 1 P 0
L 0.5610236 1.1281495 0.6200788 1.1281495 1 P 0
L 0.5610236 1.1466534 0.5610236 1.1781494 1 P 0
L 0.5610236 1.1466534 0.6200788 1.1466534 1 P 0
L 0.5610236 1.1781494 0.6200788 1.1781494 1 P 0
L 0.5610236 1.1966533 0.5610236 1.2281493 1 P 0
L 0.5610236 1.1966533 0.6200788 1.1966533 1 P 0
L 0.5610236 1.2281493 0.6200788 1.2281493 1 P 0
L 0.5610236 1.2466532 0.5610236 1.2781492 1 P 0
L 0.5610236 1.2466532 0.6200788 1.2466532 1 P 0
L 0.5610236 1.2781492 0.6200788 1.2781492 1 P 0
L 0.5610236 1.2966531 0.5610236 1.3281491 1 P 0
L 0.5610236 1.2966531 0.6200788 1.2966531 1 P 0
L 0.5610236 1.3281491 0.6200788 1.3281491 1 P 0
L 0.5610236 1.346653 0.5610236 1.378149 1 P 0
L 0.5610236 1.346653 0.6200788 1.346653 1 P 0
L 0.5610236 1.378149 0.6200788 1.378149 1 P 0
L 0.5610236 1.4466537 0.5610236 1.4781497 1 P 0
L 0.5610236 1.4466537 0.6200788 1.4466537 1 P 0
L 0.5610236 1.4781497 0.6200788 1.4781497 1 P 0
L 0.5610236 1.4966537 0.5610236 1.5281497 1 P 0
L 0.5610236 1.4966537 0.6200788 1.4966537 1 P 0
L 0.5610236 1.5281497 0.6200788 1.5281497 1 P 0
L 0.6200788 0.0966537 0.6200788 0.1281497 1 P 0
L 0.6200788 0.1466537 0.6200788 0.1781497 1 P 0
L 0.6200788 0.1966537 0.6200788 0.2281497 1 P 0
L 0.6200788 0.2466537 0.6200788 0.2781497 1 P 0
L 0.6200788 0.2966537 0.6200788 0.3281497 1 P 0
L 0.6200788 0.3466537 0.6200788 0.3781497 1 P 0
L 0.6200788 0.3966537 0.6200788 0.4281497 1 P 0
L 0.6200788 0.4466537 0.6200788 0.4781497 1 P 0
L 0.6200788 0.4966537 0.6200788 0.5281497 1 P 0
L 0.6200788 0.5466537 0.6200788 0.5781497 1 P 0
L 0.6200788 0.5966537 0.6200788 0.6281497 1 P 0
L 0.6200788 0.6466537 0.6200788 0.6781497 1 P 0
L 0.6200788 0.6966537 0.6200788 0.7281497 1 P 0
L 0.6200788 0.7466537 0.6200788 0.7781497 1 P 0
L 0.6200788 0.7966537 0.6200788 0.8281497 1 P 0
L 0.6200788 0.8466537 0.6200788 0.8781497 1 P 0
L 0.6200788 0.8966537 0.6200788 0.9281497 1 P 0
L 0.6200788 0.9466537 0.6200788 0.9781497 1 P 0
L 0.6200788 0.9966537 0.6200788 1.0281497 1 P 0
L 0.6200788 1.0466536 0.6200788 1.0781496 1 P 0
L 0.6200788 1.0966535 0.6200788 1.1281495 1 P 0
L 0.6200788 1.1466534 0.6200788 1.1781494 1 P 0
L 0.6200788 1.1966533 0.6200788 1.2281493 1 P 0
L 0.6200788 1.2466532 0.6200788 1.2781492 1 P 0
L 0.6200788 1.2966531 0.6200788 1.3281491 1 P 0
L 0.6200788 1.346653 0.6200788 1.378149 1 P 0
L 0.6200788 1.4466537 0.6200788 1.4781497 1 P 0
L 0.6200788 1.4966537 0.6200788 1.5281497 1 P 0
L 0.7716536 0.2826771 0.7716536 0.3417323 1 P 0
L 0.7716536 0.2826771 0.8031496 0.2826771 1 P 0
L 0.7716536 0.3417323 0.8031496 0.3417323 1 P 0
L 0.8031496 0.2826771 0.8031496 0.3417323 1 P 0
L 0.8427323 0.9190472 0.8427323 1.4910472 1 P 0
L 0.8427323 0.9190472 1.4407323 0.9190472 1 P 0
L 0.8427323 1.4910472 1.4407323 1.4910472 1 P 0
L 0.8661418 0.0787402 0.8661418 0.6299213 0 P 0
L 0.8661418 0.0787402 1.4173229 0.0787402 0 P 0
L 0.8661418 0.6299213 1.4173229 0.6299213 0 P 0
L 0.9094489 0.6960629 0.9094489 0.7551181 1 P 0
L 0.9094489 0.6960629 0.9409449 0.6960629 1 P 0
L 0.9094489 0.7551181 0.9409449 0.7551181 1 P 0
L 0.9409449 0.6960629 0.9409449 0.7551181 1 P 0
L 0.9488189 0.6960629 0.9488189 0.7551181 1 P 0
L 0.9488189 0.6960629 0.9803149 0.6960629 1 P 0
L 0.9488189 0.7551181 0.9803149 0.7551181 1 P 0
L 0.9803149 0.6960629 0.9803149 0.7551181 1 P 0
L 0.988189 0.6960629 0.988189 0.7551181 1 P 0
L 0.988189 0.6960629 1.019685 0.6960629 1 P 0
L 0.988189 0.7551181 1.019685 0.7551181 1 P 0
L 1.019685 0.6960629 1.019685 0.7551181 1 P 0
L 1.0431102 1.5452755 1.0431102 1.6043307 1 P 0
L 1.0431102 1.5452755 1.0746062 1.5452755 1 P 0
L 1.0431102 1.6043307 1.0746062 1.6043307 1 P 0
L 1.0472441 0.8051181 1.0472441 0.8641733 1 P 0
L 1.0472441 0.8051181 1.0787401 0.8051181 1 P 0
L 1.0472441 0.8641733 1.0787401 0.8641733 1 P 0
L 1.0746062 1.5452755 1.0746062 1.6043307 1 P 0
L 1.0787401 0.8051181 1.0787401 0.8641733 1 P 0
L 1.0864173 1.5452755 1.0864173 1.6043307 1 P 0
L 1.0864173 1.5452755 1.1179133 1.5452755 1 P 0
L 1.0864173 1.6043307 1.1179133 1.6043307 1 P 0
L 1.0984724 0.7124016 1.0984724 0.8624016 1 P 0
L 1.0984724 0.7124016 1.3434724 0.7124016 1 P 0
L 1.0984724 0.8624016 1.3434724 0.8624016 1 P 0
L 1.1179133 1.5452755 1.1179133 1.6043307 1 P 0
L 1.1297245 1.5452755 1.1297245 1.6043307 1 P 0
L 1.1297245 1.5452755 1.1612205 1.5452755 1 P 0
L 1.1297245 1.6043307 1.1612205 1.6043307 1 P 0
L 1.1612205 1.5452755 1.1612205 1.6043307 1 P 0
L 1.1730314 1.5452755 1.1730314 1.6043307 1 P 0
L 1.1730314 1.5452755 1.2045274 1.5452755 1 P 0
L 1.1730314 1.6043307 1.2045274 1.6043307 1 P 0
L 1.2045274 1.5452755 1.2045274 1.6043307 1 P 0
L 1.2527559 -0.015748 1.2527559 0.015748 1 P 0
L 1.2527559 0.015748 1.3118111 0.015748 1 P 0
L 1.2527559 -0.015748 1.3118111 -0.015748 1 P 0
L 1.2596456 1.5452755 1.2596456 1.6043307 1 P 0
L 1.2596456 1.5452755 1.2911416 1.5452755 1 P 0
L 1.2596456 1.6043307 1.2911416 1.6043307 1 P 0
L 1.2911416 1.5452755 1.2911416 1.6043307 1 P 0
L 1.3118111 -0.015748 1.3118111 0.015748 1 P 0
L 1.3434724 0.7124016 1.3434724 0.8624016 1 P 0
L 1.3622048 0.7106299 1.3622048 0.7696851 1 P 0
L 1.3622048 0.7106299 1.3937008 0.7106299 1 P 0
L 1.3622048 0.7696851 1.3937008 0.7696851 1 P 0
L 1.3937008 0.7106299 1.3937008 0.7696851 1 P 0
L 1.4173229 0.0787402 1.4173229 0.6299213 0 P 0
L 1.4407323 0.9190472 1.4407323 1.4910472 1 P 0
L 1.480315 0.3049213 1.480315 0.3639765 1 P 0
L 1.480315 0.3049213 1.511811 0.3049213 1 P 0
L 1.480315 0.3639765 1.511811 0.3639765 1 P 0
L 1.480315 0.3811023 1.480315 0.4401575 1 P 0
L 1.480315 0.3811023 1.511811 0.3811023 1 P 0
L 1.480315 0.4401575 1.511811 0.4401575 1 P 0
L 1.4889765 1.0580709 1.4889765 1.0895669 1 P 0
L 1.4889765 1.0580709 1.5480317 1.0580709 1 P 0
L 1.4889765 1.0895669 1.5480317 1.0895669 1 P 0
L 1.4889765 1.097441 1.4889765 1.128937 1 P 0
L 1.4889765 1.097441 1.5480317 1.097441 1 P 0
L 1.4889765 1.128937 1.5480317 1.128937 1 P 0
L 1.4889765 1.136811 1.4889765 1.168307 1 P 0
L 1.4889765 1.136811 1.5480317 1.136811 1 P 0
L 1.4889765 1.168307 1.5480317 1.168307 1 P 0
L 1.4889765 1.2084646 1.4889765 1.2399606 1 P 0
L 1.4889765 1.2084646 1.5480317 1.2084646 1 P 0
L 1.4889765 1.2399606 1.5480317 1.2399606 1 P 0
L 1.4889765 1.2584646 1.4889765 1.2899606 1 P 0
L 1.4889765 1.2584646 1.5480317 1.2584646 1 P 0
L 1.4889765 1.2899606 1.5480317 1.2899606 1 P 0
L 1.4889765 1.3584646 1.4889765 1.3899606 1 P 0
L 1.4889765 1.3584646 1.5480317 1.3584646 1 P 0
L 1.4889765 1.3899606 1.5480317 1.3899606 1 P 0
L 1.511811 0.3049213 1.511811 0.3639765 1 P 0
L 1.511811 0.3811023 1.511811 0.4401575 1 P 0
L 1.5196851 0.1001969 1.5196851 0.1592521 1 P 0
L 1.5196851 0.1001969 1.5511811 0.1001969 1 P 0
L 1.5196851 0.1592521 1.5511811 0.1592521 1 P 0
L 1.5196851 0.3049213 1.5196851 0.3639765 1 P 0
L 1.5196851 0.3049213 1.5511811 0.3049213 1 P 0
L 1.5196851 0.3639765 1.5511811 0.3639765 1 P 0
L 1.5196851 0.5549212 1.5196851 0.6139764 1 P 0
L 1.5196851 0.5549212 1.5511811 0.5549212 1 P 0
L 1.5196851 0.6139764 1.5511811 0.6139764 1 P 0
L 1.5196851 0.6462597 1.5196851 0.7053149 1 P 0
L 1.5196851 0.6462597 1.5511811 0.6462597 1 P 0
L 1.5196851 0.7053149 1.5511811 0.7053149 1 P 0
L 1.5196852 0.7120079 1.5196852 0.7710631 1 P 0
L 1.5196852 0.7120079 1.5511812 0.7120079 1 P 0
L 1.5196852 0.7710631 1.5511812 0.7710631 1 P 0
L 1.5196852 0.7972441 1.5196852 0.8562993 1 P 0
L 1.5196852 0.7972441 1.5511812 0.7972441 1 P 0
L 1.5196852 0.8562993 1.5511812 0.8562993 1 P 0
L 1.5196852 1.5415355 1.5196852 1.6005907 1 P 0
L 1.5196852 1.5415355 1.5511812 1.5415355 1 P 0
L 1.5196852 1.6005907 1.5511812 1.6005907 1 P 0
L 1.5480317 1.0580709 1.5480317 1.0895669 1 P 0
L 1.5480317 1.097441 1.5480317 1.128937 1 P 0
L 1.5480317 1.136811 1.5480317 1.168307 1 P 0
L 1.5480317 1.2084646 1.5480317 1.2399606 1 P 0
L 1.5480317 1.2584646 1.5480317 1.2899606 1 P 0
L 1.5480317 1.3584646 1.5480317 1.3899606 1 P 0
L 1.5511811 0.1001969 1.5511811 0.1592521 1 P 0
L 1.5511811 0.3049213 1.5511811 0.3639765 1 P 0
L 1.5511811 0.5549212 1.5511811 0.6139764 1 P 0
L 1.5511811 0.6462597 1.5511811 0.7053149 1 P 0
L 1.5511812 0.7120079 1.5511812 0.7710631 1 P 0
L 1.5511812 0.7972441 1.5511812 0.8562993 1 P 0
L 1.5511812 1.5415355 1.5511812 1.6005907 1 P 0
L 1.5629922 0.7972441 1.5629922 0.8562993 1 P 0
L 1.5629922 0.7972441 1.5944882 0.7972441 1 P 0
L 1.5629922 0.8562993 1.5944882 0.8562993 1 P 0
L 1.582 1.501 1.582 1.599 1 P 0
L 1.582 1.501 1.648 1.501 1 P 0
L 1.582 1.599 1.648 1.599 1 P 0
L 1.5944882 0.7972441 1.5944882 0.8562993 1 P 0
L 1.6003938 0.7972441 1.6003938 0.8562993 1 P 0
L 1.6003938 0.7972441 1.6318898 0.7972441 1 P 0
L 1.6003938 0.8562993 1.6318898 0.8562993 1 P 0
L 1.6318898 0.7972441 1.6318898 0.8562993 1 P 0
L 1.6377954 0.7972441 1.6377954 0.8562993 1 P 0
L 1.6377954 0.7972441 1.6692914 0.7972441 1 P 0
L 1.6377954 0.8562993 1.6692914 0.8562993 1 P 0
L 1.648 1.501 1.648 1.599 1 P 0
L 1.6692914 0.7972441 1.6692914 0.8562993 1 P 0
L 1.6771654 0.6462597 1.6771654 0.7053149 1 P 0
L 1.6771654 0.6462597 1.7086614 0.6462597 1 P 0
L 1.6771654 0.7053149 1.7086614 0.7053149 1 P 0
L 1.7086614 0.6462597 1.7086614 0.7053149 1 P 0
L 1.7700787 1.4966537 1.7700787 1.5281497 1 P 0
L 1.7700787 1.4966537 1.8291339 1.4966537 1 P 0
L 1.7700787 1.5281497 1.8291339 1.5281497 1 P 0
L 1.7700787 1.5363189 1.7700787 1.5678149 1 P 0
L 1.7700787 1.5363189 1.8291339 1.5363189 1 P 0
L 1.7700787 1.5678149 1.8291339 1.5678149 1 P 0
L 1.7700787 1.5759841 1.7700787 1.6074801 1 P 0
L 1.7700787 1.5759841 1.8291339 1.5759841 1 P 0
L 1.7700787 1.6074801 1.8291339 1.6074801 1 P 0
L 1.8291339 1.4966537 1.8291339 1.5281497 1 P 0
L 1.8291339 1.5363189 1.8291339 1.5678149 1 P 0
L 1.8291339 1.5759841 1.8291339 1.6074801 1 P 0
L 1.8346456 0.1956692 1.8346456 0.2547244 1 P 0
L 1.8346456 0.1956692 1.8661416 0.1956692 1 P 0
L 1.8346456 0.2547244 1.8661416 0.2547244 1 P 0
L 1.8346456 0.7120079 1.8346456 0.7710631 1 P 0
L 1.8346456 0.7120079 1.8661416 0.7120079 1 P 0
L 1.8346456 0.7710631 1.8661416 0.7710631 1 P 0
L 1.8346457 0.1001969 1.8346457 0.1592521 1 P 0
L 1.8346457 0.1001969 1.8661417 0.1001969 1 P 0
L 1.8346457 0.1592521 1.8661417 0.1592521 1 P 0
L 1.8346457 0.5549212 1.8346457 0.6139764 1 P 0
L 1.8346457 0.5549212 1.8661417 0.5549212 1 P 0
L 1.8346457 0.6139764 1.8661417 0.6139764 1 P 0
L 1.8346457 0.6462597 1.8346457 0.7053149 1 P 0
L 1.8346457 0.6462597 1.8661417 0.6462597 1 P 0
L 1.8346457 0.7053149 1.8661417 0.7053149 1 P 0
L 1.8377951 0.7940946 1.8377951 0.8255906 1 P 0
L 1.8377951 0.7940946 1.8968503 0.7940946 1 P 0
L 1.8377951 0.8255906 1.8968503 0.8255906 1 P 0
L 1.8377951 0.8688978 1.8377951 0.9003938 1 P 0
L 1.8377951 0.8688978 1.8968503 0.8688978 1 P 0
L 1.8377951 0.9003938 1.8968503 0.9003938 1 P 0
L 1.8661416 0.1956692 1.8661416 0.2547244 1 P 0
L 1.8661416 0.7120079 1.8661416 0.7710631 1 P 0
L 1.8661417 0.1001969 1.8661417 0.1592521 1 P 0
L 1.8661417 0.5549212 1.8661417 0.6139764 1 P 0
L 1.8661417 0.6462597 1.8661417 0.7053149 1 P 0
L 1.8740158 0.1956692 1.8740158 0.2547244 1 P 0
L 1.8740158 0.1956692 1.9055118 0.1956692 1 P 0
L 1.8740158 0.2547244 1.9055118 0.2547244 1 P 0
L 1.8740158 0.5549212 1.8740158 0.6139764 1 P 0
L 1.8740158 0.5549212 1.9055118 0.5549212 1 P 0
L 1.8740158 0.6139764 1.9055118 0.6139764 1 P 0
L 1.8968503 0.7940946 1.8968503 0.8255906 1 P 0
L 1.8968503 0.8688978 1.8968503 0.9003938 1 P 0
L 1.9055118 0.1956692 1.9055118 0.2547244 1 P 0
L 1.9055118 0.5549212 1.9055118 0.6139764 1 P 0
L 1.9192913 1.2084645 1.9192913 1.2399605 1 P 0
L 1.9192913 1.2084645 1.9783465 1.2084645 1 P 0
L 1.9192913 1.2399605 1.9783465 1.2399605 1 P 0
L 1.9192913 1.2584646 1.9192913 1.2899606 1 P 0
L 1.9192913 1.2584646 1.9783465 1.2584646 1 P 0
L 1.9192913 1.2899606 1.9783465 1.2899606 1 P 0
L 1.9192913 1.3584647 1.9192913 1.3899607 1 P 0
L 1.9192913 1.3584647 1.9783465 1.3584647 1 P 0
L 1.9192913 1.3899607 1.9783465 1.3899607 1 P 0
L 1.9220472 0.7547244 1.9220472 0.7862204 1 P 0
L 1.9220472 0.7547244 1.9811024 0.7547244 1 P 0
L 1.9220472 0.7862204 1.9811024 0.7862204 1 P 0
L 1.9220472 0.7940945 1.9220472 0.8255905 1 P 0
L 1.9220472 0.7940945 1.9811024 0.7940945 1 P 0
L 1.9220472 0.8255905 1.9811024 0.8255905 1 P 0
L 1.9220472 0.9722441 1.9220472 1.0037401 1 P 0
L 1.9220472 0.9722441 1.9811024 0.9722441 1 P 0
L 1.9220472 1.0037401 1.9811024 1.0037401 1 P 0
L 1.9220472 1.0222441 1.9220472 1.0537401 1 P 0
L 1.9220472 1.0222441 1.9811024 1.0222441 1 P 0
L 1.9220472 1.0537401 1.9811024 1.0537401 1 P 0
L 1.9220472 1.0722441 1.9220472 1.1037401 1 P 0
L 1.9220472 1.0722441 1.9811024 1.0722441 1 P 0
L 1.9220472 1.1037401 1.9811024 1.1037401 1 P 0
L 1.9220472 1.1222441 1.9220472 1.1537401 1 P 0
L 1.9220472 1.1222441 1.9811024 1.1222441 1 P 0
L 1.9220472 1.1537401 1.9811024 1.1537401 1 P 0
L 1.9228346 0.8688978 1.9228346 0.9003938 1 P 0
L 1.9228346 0.8688978 1.9818898 0.8688978 1 P 0
L 1.9228346 0.9003938 1.9818898 0.9003938 1 P 0
L 1.9527559 0.6082677 1.9527559 0.6673229 1 P 0
L 1.9527559 0.6082677 1.9842519 0.6082677 1 P 0
L 1.9527559 0.6673229 1.9842519 0.6673229 1 P 0
L 1.9783465 1.2084645 1.9783465 1.2399605 1 P 0
L 1.9783465 1.2584646 1.9783465 1.2899606 1 P 0
L 1.9783465 1.3584647 1.9783465 1.3899607 1 P 0
L 1.9811024 0.7547244 1.9811024 0.7862204 1 P 0
L 1.9811024 0.7940945 1.9811024 0.8255905 1 P 0
L 1.9811024 0.9722441 1.9811024 1.0037401 1 P 0
L 1.9811024 1.0222441 1.9811024 1.0537401 1 P 0
L 1.9811024 1.0722441 1.9811024 1.1037401 1 P 0
L 1.9811024 1.1222441 1.9811024 1.1537401 1 P 0
L 1.9818898 0.8688978 1.9818898 0.9003938 1 P 0
L 1.9842519 0.6082677 1.9842519 0.6673229 1 P 0
L 2.0002441 0.7164016 2.0002441 0.8584016 1 P 0
L 2.0002441 0.7164016 2.0942441 0.7164016 1 P 0
L 2.0002441 0.8584016 2.0942441 0.8584016 1 P 0
L 2.0029843 0.5155512 2.0029843 0.6655512 1 P 0
L 2.0029843 0.5155512 2.2479843 0.5155512 1 P 0
L 2.0029843 0.6655512 2.2479843 0.6655512 1 P 0
L 2.0637796 0.4370079 2.0637796 0.4685039 1 P 0
L 2.0637796 0.4370079 2.1228348 0.4370079 1 P 0
L 2.0637796 0.4685039 2.1228348 0.4685039 1 P 0
L 2.0767716 1.2084645 2.0767716 1.2399605 1 P 0
L 2.0767716 1.2084645 2.1358268 1.2084645 1 P 0
L 2.0767716 1.2399605 2.1358268 1.2399605 1 P 0
L 2.0767716 1.2584646 2.0767716 1.2899606 1 P 0
L 2.0767716 1.2584646 2.1358268 1.2584646 1 P 0
L 2.0767716 1.2899606 2.1358268 1.2899606 1 P 0
L 2.0767716 1.3584647 2.0767716 1.3899607 1 P 0
L 2.0767716 1.3584647 2.1358268 1.3584647 1 P 0
L 2.0767716 1.3899607 2.1358268 1.3899607 1 P 0
L 2.0942441 0.7164016 2.0942441 0.8584016 1 P 0
L 2.1228348 0.4370079 2.1228348 0.4685039 1 P 0
L 2.1267716 0.718504 2.1267716 0.75 1 P 0
L 2.1267716 0.718504 2.1858268 0.718504 1 P 0
L 2.1267716 0.75 2.1858268 0.75 1 P 0
L 2.1267716 0.7539371 2.1267716 0.7854331 1 P 0
L 2.1267716 0.7539371 2.1858268 0.7539371 1 P 0
L 2.1267716 0.7854331 2.1858268 0.7854331 1 P 0
L 2.1267716 0.7893701 2.1267716 0.8208661 1 P 0
L 2.1267716 0.7893701 2.1858268 0.7893701 1 P 0
L 2.1267716 0.8208661 2.1858268 0.8208661 1 P 0
L 2.1267716 0.8248032 2.1267716 0.8562992 1 P 0
L 2.1267716 0.8248032 2.1858268 0.8248032 1 P 0
L 2.1267716 0.8562992 2.1858268 0.8562992 1 P 0
L 2.1267716 0.8602363 2.1267716 0.8917323 1 P 0
L 2.1267716 0.8602363 2.1858268 0.8602363 1 P 0
L 2.1267716 0.8917323 2.1858268 0.8917323 1 P 0
L 2.1267716 0.8956693 2.1267716 0.9271653 1 P 0
L 2.1267716 0.8956693 2.1858268 0.8956693 1 P 0
L 2.1267716 0.9271653 2.1858268 0.9271653 1 P 0
L 2.1267717 0.4370079 2.1267717 0.4685039 1 P 0
L 2.1267717 0.4370079 2.1858269 0.4370079 1 P 0
L 2.1267717 0.4685039 2.1858269 0.4685039 1 P 0
L 2.1358268 1.2084645 2.1358268 1.2399605 1 P 0
L 2.1358268 1.2584646 2.1358268 1.2899606 1 P 0
L 2.1358268 1.3584647 2.1358268 1.3899607 1 P 0
L 2.1582678 -0.015748 2.1582678 0.015748 1 P 0
L 2.1582678 -0.015748 2.217323 -0.015748 1 P 0
L 2.1582678 0.015748 2.217323 0.015748 1 P 0
L 2.1858268 0.718504 2.1858268 0.75 1 P 0
L 2.1858268 0.7539371 2.1858268 0.7854331 1 P 0
L 2.1858268 0.7893701 2.1858268 0.8208661 1 P 0
L 2.1858268 0.8248032 2.1858268 0.8562992 1 P 0
L 2.1858268 0.8602363 2.1858268 0.8917323 1 P 0
L 2.1858268 0.8956693 2.1858268 0.9271653 1 P 0
L 2.1858269 0.4370079 2.1858269 0.4685039 1 P 0
L 2.217323 -0.015748 2.217323 0.015748 1 P 0
L 2.2342519 1.2114173 2.2342519 1.2429133 1 P 0
L 2.2342519 1.2114173 2.2933071 1.2114173 1 P 0
L 2.2342519 1.2429133 2.2933071 1.2429133 1 P 0
L 2.2342519 1.2614174 2.2342519 1.2929134 1 P 0
L 2.2342519 1.2614174 2.2933071 1.2614174 1 P 0
L 2.2342519 1.2929134 2.2933071 1.2929134 1 P 0
L 2.2342519 1.3614175 2.2342519 1.3929135 1 P 0
L 2.2342519 1.3614175 2.2933071 1.3614175 1 P 0
L 2.2342519 1.3929135 2.2933071 1.3929135 1 P 0
L 2.2479843 0.5155512 2.2479843 0.6655512 1 P 0
L 2.2677165 1.0253936 2.2677165 1.0844488 1 P 0
L 2.2677165 1.0253936 2.2992125 1.0253936 1 P 0
L 2.2677165 1.0844488 2.2992125 1.0844488 1 P 0
L 2.2677166 0.5137795 2.2677166 0.5728347 1 P 0
L 2.2677166 0.5137795 2.2992126 0.5137795 1 P 0
L 2.2677166 0.5728347 2.2992126 0.5728347 1 P 0
L 2.2933071 1.2114173 2.2933071 1.2429133 1 P 0
L 2.2933071 1.2614174 2.2933071 1.2929134 1 P 0
L 2.2933071 1.3614175 2.2933071 1.3929135 1 P 0
L 2.2992125 1.0253936 2.2992125 1.0844488 1 P 0
L 2.2992126 0.5137795 2.2992126 0.5728347 1 P 0
L 2.5295275 0.0466536 2.5295275 0.0781496 1 P 0
L 2.5295275 0.0466536 2.5885827 0.0466536 1 P 0
L 2.5295275 0.0781496 2.5885827 0.0781496 1 P 0
L 2.5295275 0.0966536 2.5295275 0.1281496 1 P 0
L 2.5295275 0.0966536 2.5885827 0.0966536 1 P 0
L 2.5295275 0.1281496 2.5885827 0.1281496 1 P 0
L 2.5295275 0.1466536 2.5295275 0.1781496 1 P 0
L 2.5295275 0.1466536 2.5885827 0.1466536 1 P 0
L 2.5295275 0.1781496 2.5885827 0.1781496 1 P 0
L 2.5295275 0.2466536 2.5295275 0.2781496 1 P 0
L 2.5295275 0.2466536 2.5885827 0.2466536 1 P 0
L 2.5295275 0.2781496 2.5885827 0.2781496 1 P 0
L 2.5295275 0.2966536 2.5295275 0.3281496 1 P 0
L 2.5295275 0.2966536 2.5885827 0.2966536 1 P 0
L 2.5295275 0.3281496 2.5885827 0.3281496 1 P 0
L 2.5295275 0.3466536 2.5295275 0.3781496 1 P 0
L 2.5295275 0.3466536 2.5885827 0.3466536 1 P 0
L 2.5295275 0.3781496 2.5885827 0.3781496 1 P 0
L 2.5295275 0.3966536 2.5295275 0.4281496 1 P 0
L 2.5295275 0.3966536 2.5885827 0.3966536 1 P 0
L 2.5295275 0.4281496 2.5885827 0.4281496 1 P 0
L 2.5295275 0.4466536 2.5295275 0.4781496 1 P 0
L 2.5295275 0.4466536 2.5885827 0.4466536 1 P 0
L 2.5295275 0.4781496 2.5885827 0.4781496 1 P 0
L 2.5295275 0.4966536 2.5295275 0.5281496 1 P 0
L 2.5295275 0.4966536 2.5885827 0.4966536 1 P 0
L 2.5295275 0.5281496 2.5885827 0.5281496 1 P 0
L 2.5295275 0.5466536 2.5295275 0.5781496 1 P 0
L 2.5295275 0.5466536 2.5885827 0.5466536 1 P 0
L 2.5295275 0.5781496 2.5885827 0.5781496 1 P 0
L 2.5295275 0.5966536 2.5295275 0.6281496 1 P 0
L 2.5295275 0.5966536 2.5885827 0.5966536 1 P 0
L 2.5295275 0.6281496 2.5885827 0.6281496 1 P 0
L 2.5295275 0.6466536 2.5295275 0.6781496 1 P 0
L 2.5295275 0.6466536 2.5885827 0.6466536 1 P 0
L 2.5295275 0.6781496 2.5885827 0.6781496 1 P 0
L 2.5295275 0.6966536 2.5295275 0.7281496 1 P 0
L 2.5295275 0.6966536 2.5885827 0.6966536 1 P 0
L 2.5295275 0.7281496 2.5885827 0.7281496 1 P 0
L 2.5295275 0.7466536 2.5295275 0.7781496 1 P 0
L 2.5295275 0.7466536 2.5885827 0.7466536 1 P 0
L 2.5295275 0.7781496 2.5885827 0.7781496 1 P 0
L 2.5295275 0.7966536 2.5295275 0.8281496 1 P 0
L 2.5295275 0.7966536 2.5885827 0.7966536 1 P 0
L 2.5295275 0.8281496 2.5885827 0.8281496 1 P 0
L 2.5295275 0.8466536 2.5295275 0.8781496 1 P 0
L 2.5295275 0.8466536 2.5885827 0.8466536 1 P 0
L 2.5295275 0.8781496 2.5885827 0.8781496 1 P 0
L 2.5295275 0.8966536 2.5295275 0.9281496 1 P 0
L 2.5295275 0.8966536 2.5885827 0.8966536 1 P 0
L 2.5295275 0.9281496 2.5885827 0.9281496 1 P 0
L 2.5295275 0.9466536 2.5295275 0.9781496 1 P 0
L 2.5295275 0.9466536 2.5885827 0.9466536 1 P 0
L 2.5295275 0.9781496 2.5885827 0.9781496 1 P 0
L 2.5295275 0.9966536 2.5295275 1.0281496 1 P 0
L 2.5295275 0.9966536 2.5885827 0.9966536 1 P 0
L 2.5295275 1.0281496 2.5885827 1.0281496 1 P 0
L 2.5295275 1.0466536 2.5295275 1.0781496 1 P 0
L 2.5295275 1.0466536 2.5885827 1.0466536 1 P 0
L 2.5295275 1.0781496 2.5885827 1.0781496 1 P 0
L 2.5295275 1.0966536 2.5295275 1.1281496 1 P 0
L 2.5295275 1.0966536 2.5885827 1.0966536 1 P 0
L 2.5295275 1.1281496 2.5885827 1.1281496 1 P 0
L 2.5295275 1.1466536 2.5295275 1.1781496 1 P 0
L 2.5295275 1.1466536 2.5885827 1.1466536 1 P 0
L 2.5295275 1.1781496 2.5885827 1.1781496 1 P 0
L 2.5295275 1.1966536 2.5295275 1.2281496 1 P 0
L 2.5295275 1.1966536 2.5885827 1.1966536 1 P 0
L 2.5295275 1.2281496 2.5885827 1.2281496 1 P 0
L 2.5295275 1.2466536 2.5295275 1.2781496 1 P 0
L 2.5295275 1.2466536 2.5885827 1.2466536 1 P 0
L 2.5295275 1.2781496 2.5885827 1.2781496 1 P 0
L 2.5295275 1.2966536 2.5295275 1.3281496 1 P 0
L 2.5295275 1.2966536 2.5885827 1.2966536 1 P 0
L 2.5295275 1.3281496 2.5885827 1.3281496 1 P 0
L 2.5295275 1.3466536 2.5295275 1.3781496 1 P 0
L 2.5295275 1.3466536 2.5885827 1.3466536 1 P 0
L 2.5295275 1.3781496 2.5885827 1.3781496 1 P 0
L 2.5295275 1.3966536 2.5295275 1.4281496 1 P 0
L 2.5295275 1.3966536 2.5885827 1.3966536 1 P 0
L 2.5295275 1.4281496 2.5885827 1.4281496 1 P 0
L 2.5295275 1.4466536 2.5295275 1.4781496 1 P 0
L 2.5295275 1.4466536 2.5885827 1.4466536 1 P 0
L 2.5295275 1.4781496 2.5885827 1.4781496 1 P 0
L 2.5885827 0.0466536 2.5885827 0.0781496 1 P 0
L 2.5885827 0.0966536 2.5885827 0.1281496 1 P 0
L 2.5885827 0.1466536 2.5885827 0.1781496 1 P 0
L 2.5885827 0.2466536 2.5885827 0.2781496 1 P 0
L 2.5885827 0.2966536 2.5885827 0.3281496 1 P 0
L 2.5885827 0.3466536 2.5885827 0.3781496 1 P 0
L 2.5885827 0.3966536 2.5885827 0.4281496 1 P 0
L 2.5885827 0.4466536 2.5885827 0.4781496 1 P 0
L 2.5885827 0.4966536 2.5885827 0.5281496 1 P 0
L 2.5885827 0.5466536 2.5885827 0.5781496 1 P 0
L 2.5885827 0.5966536 2.5885827 0.6281496 1 P 0
L 2.5885827 0.6466536 2.5885827 0.6781496 1 P 0
L 2.5885827 0.6966536 2.5885827 0.7281496 1 P 0
L 2.5885827 0.7466536 2.5885827 0.7781496 1 P 0
L 2.5885827 0.7966536 2.5885827 0.8281496 1 P 0
L 2.5885827 0.8466536 2.5885827 0.8781496 1 P 0
L 2.5885827 0.8966536 2.5885827 0.9281496 1 P 0
L 2.5885827 0.9466536 2.5885827 0.9781496 1 P 0
L 2.5885827 0.9966536 2.5885827 1.0281496 1 P 0
L 2.5885827 1.0466536 2.5885827 1.0781496 1 P 0
L 2.5885827 1.0966536 2.5885827 1.1281496 1 P 0
L 2.5885827 1.1466536 2.5885827 1.1781496 1 P 0
L 2.5885827 1.1966536 2.5885827 1.2281496 1 P 0
L 2.5885827 1.2466536 2.5885827 1.2781496 1 P 0
L 2.5885827 1.2966536 2.5885827 1.3281496 1 P 0
L 2.5885827 1.3466536 2.5885827 1.3781496 1 P 0
L 2.5885827 1.3966536 2.5885827 1.4281496 1 P 0
L 2.5885827 1.4466536 2.5885827 1.4781496 1 P 0
L 2.9232283 0.0966537 2.9232283 0.1281497 1 P 0
L 2.9232283 0.0966537 2.9822835 0.0966537 1 P 0
L 2.9232283 0.1281497 2.9822835 0.1281497 1 P 0
L 2.9232283 0.1466537 2.9232283 0.1781497 1 P 0
L 2.9232283 0.1466537 2.9822835 0.1466537 1 P 0
L 2.9232283 0.1781497 2.9822835 0.1781497 1 P 0
L 2.9232283 0.1966537 2.9232283 0.2281497 1 P 0
L 2.9232283 0.1966537 2.9822835 0.1966537 1 P 0
L 2.9232283 0.2281497 2.9822835 0.2281497 1 P 0
L 2.9232283 0.2466537 2.9232283 0.2781497 1 P 0
L 2.9232283 0.2466537 2.9822835 0.2466537 1 P 0
L 2.9232283 0.2781497 2.9822835 0.2781497 1 P 0
L 2.9232283 0.2966537 2.9232283 0.3281497 1 P 0
L 2.9232283 0.2966537 2.9822835 0.2966537 1 P 0
L 2.9232283 0.3281497 2.9822835 0.3281497 1 P 0
L 2.9232283 0.3466537 2.9232283 0.3781497 1 P 0
L 2.9232283 0.3466537 2.9822835 0.3466537 1 P 0
L 2.9232283 0.3781497 2.9822835 0.3781497 1 P 0
L 2.9232283 0.3966537 2.9232283 0.4281497 1 P 0
L 2.9232283 0.3966537 2.9822835 0.3966537 1 P 0
L 2.9232283 0.4281497 2.9822835 0.4281497 1 P 0
L 2.9232283 0.4466537 2.9232283 0.4781497 1 P 0
L 2.9232283 0.4466537 2.9822835 0.4466537 1 P 0
L 2.9232283 0.4781497 2.9822835 0.4781497 1 P 0
L 2.9232283 0.4966537 2.9232283 0.5281497 1 P 0
L 2.9232283 0.4966537 2.9822835 0.4966537 1 P 0
L 2.9232283 0.5281497 2.9822835 0.5281497 1 P 0
L 2.9232283 0.5466537 2.9232283 0.5781497 1 P 0
L 2.9232283 0.5466537 2.9822835 0.5466537 1 P 0
L 2.9232283 0.5781497 2.9822835 0.5781497 1 P 0
L 2.9232283 0.5966537 2.9232283 0.6281497 1 P 0
L 2.9232283 0.5966537 2.9822835 0.5966537 1 P 0
L 2.9232283 0.6281497 2.9822835 0.6281497 1 P 0
L 2.9232283 0.6466537 2.9232283 0.6781497 1 P 0
L 2.9232283 0.6466537 2.9822835 0.6466537 1 P 0
L 2.9232283 0.6781497 2.9822835 0.6781497 1 P 0
L 2.9232283 0.6966537 2.9232283 0.7281497 1 P 0
L 2.9232283 0.6966537 2.9822835 0.6966537 1 P 0
L 2.9232283 0.7281497 2.9822835 0.7281497 1 P 0
L 2.9232283 0.7466537 2.9232283 0.7781497 1 P 0
L 2.9232283 0.7466537 2.9822835 0.7466537 1 P 0
L 2.9232283 0.7781497 2.9822835 0.7781497 1 P 0
L 2.9232283 0.7966537 2.9232283 0.8281497 1 P 0
L 2.9232283 0.7966537 2.9822835 0.7966537 1 P 0
L 2.9232283 0.8281497 2.9822835 0.8281497 1 P 0
L 2.9232283 0.8466537 2.9232283 0.8781497 1 P 0
L 2.9232283 0.8466537 2.9822835 0.8466537 1 P 0
L 2.9232283 0.8781497 2.9822835 0.8781497 1 P 0
L 2.9232283 0.8966537 2.9232283 0.9281497 1 P 0
L 2.9232283 0.8966537 2.9822835 0.8966537 1 P 0
L 2.9232283 0.9281497 2.9822835 0.9281497 1 P 0
L 2.9232283 0.9466537 2.9232283 0.9781497 1 P 0
L 2.9232283 0.9466537 2.9822835 0.9466537 1 P 0
L 2.9232283 0.9781497 2.9822835 0.9781497 1 P 0
L 2.9232283 0.9966537 2.9232283 1.0281497 1 P 0
L 2.9232283 0.9966537 2.9822835 0.9966537 1 P 0
L 2.9232283 1.0281497 2.9822835 1.0281497 1 P 0
L 2.9232283 1.0466537 2.9232283 1.0781497 1 P 0
L 2.9232283 1.0466537 2.9822835 1.0466537 1 P 0
L 2.9232283 1.0781497 2.9822835 1.0781497 1 P 0
L 2.9232283 1.0966537 2.9232283 1.1281497 1 P 0
L 2.9232283 1.0966537 2.9822835 1.0966537 1 P 0
L 2.9232283 1.1281497 2.9822835 1.1281497 1 P 0
L 2.9232283 1.1466537 2.9232283 1.1781497 1 P 0
L 2.9232283 1.1466537 2.9822835 1.1466537 1 P 0
L 2.9232283 1.1781497 2.9822835 1.1781497 1 P 0
L 2.9232283 1.1966537 2.9232283 1.2281497 1 P 0
L 2.9232283 1.1966537 2.9822835 1.1966537 1 P 0
L 2.9232283 1.2281497 2.9822835 1.2281497 1 P 0
L 2.9232283 1.2466537 2.9232283 1.2781497 1 P 0
L 2.9232283 1.2466537 2.9822835 1.2466537 1 P 0
L 2.9232283 1.2781497 2.9822835 1.2781497 1 P 0
L 2.9232283 1.2966537 2.9232283 1.3281497 1 P 0
L 2.9232283 1.2966537 2.9822835 1.2966537 1 P 0
L 2.9232283 1.3281497 2.9822835 1.3281497 1 P 0
L 2.9232283 1.3466537 2.9232283 1.3781497 1 P 0
L 2.9232283 1.3466537 2.9822835 1.3466537 1 P 0
L 2.9232283 1.3781497 2.9822835 1.3781497 1 P 0
L 2.9232283 1.4466537 2.9232283 1.4781497 1 P 0
L 2.9232283 1.4466537 2.9822835 1.4466537 1 P 0
L 2.9232283 1.4781497 2.9822835 1.4781497 1 P 0
L 2.9232283 1.4966537 2.9232283 1.5281497 1 P 0
L 2.9232283 1.4966537 2.9822835 1.4966537 1 P 0
L 2.9232283 1.5281497 2.9822835 1.5281497 1 P 0
L 2.9822835 0.0966537 2.9822835 0.1281497 1 P 0
L 2.9822835 0.1466537 2.9822835 0.1781497 1 P 0
L 2.9822835 0.1966537 2.9822835 0.2281497 1 P 0
L 2.9822835 0.2466537 2.9822835 0.2781497 1 P 0
L 2.9822835 0.2966537 2.9822835 0.3281497 1 P 0
L 2.9822835 0.3466537 2.9822835 0.3781497 1 P 0
L 2.9822835 0.3966537 2.9822835 0.4281497 1 P 0
L 2.9822835 0.4466537 2.9822835 0.4781497 1 P 0
L 2.9822835 0.4966537 2.9822835 0.5281497 1 P 0
L 2.9822835 0.5466537 2.9822835 0.5781497 1 P 0
L 2.9822835 0.5966537 2.9822835 0.6281497 1 P 0
L 2.9822835 0.6466537 2.9822835 0.6781497 1 P 0
L 2.9822835 0.6966537 2.9822835 0.7281497 1 P 0
L 2.9822835 0.7466537 2.9822835 0.7781497 1 P 0
L 2.9822835 0.7966537 2.9822835 0.8281497 1 P 0
L 2.9822835 0.8466537 2.9822835 0.8781497 1 P 0
L 2.9822835 0.8966537 2.9822835 0.9281497 1 P 0
L 2.9822835 0.9466537 2.9822835 0.9781497 1 P 0
L 2.9822835 0.9966537 2.9822835 1.0281497 1 P 0
L 2.9822835 1.0466537 2.9822835 1.0781497 1 P 0
L 2.9822835 1.0966537 2.9822835 1.1281497 1 P 0
L 2.9822835 1.1466537 2.9822835 1.1781497 1 P 0
L 2.9822835 1.1966537 2.9822835 1.2281497 1 P 0
L 2.9822835 1.2466537 2.9822835 1.2781497 1 P 0
L 2.9822835 1.2966537 2.9822835 1.3281497 1 P 0
L 2.9822835 1.3466537 2.9822835 1.3781497 1 P 0
L 2.9822835 1.4466537 2.9822835 1.4781497 1 P 0
L 2.9822835 1.4966537 2.9822835 1.5281497 1 P 0
