#Layer_Color=0
#
#Feature symbol names
#
$0 r3.94

#
#Feature attribute names
#

#
#Layer features
#
L 3.8323228 2.810317 3.8323228 2.826297 0 P 0
L 3.8323228 2.810317 3.8573228 2.810317 0 P 0
L 3.8323228 2.826297 3.8573228 2.826297 0 P 0
L 3.8323228 2.860317 3.8323228 2.876297 0 P 0
L 3.8323228 2.860317 3.8573228 2.860317 0 P 0
L 3.8323228 2.876297 3.8573228 2.876297 0 P 0
L 3.8323228 2.910317 3.8323228 2.926297 0 P 0
L 3.8323228 2.910317 3.8573228 2.910317 0 P 0
L 3.8323228 2.926297 3.8573228 2.926297 0 P 0
L 3.8323228 2.960317 3.8323228 2.976297 0 P 0
L 3.8323228 2.960317 3.8573228 2.960317 0 P 0
L 3.8323228 2.976297 3.8573228 2.976297 0 P 0
L 3.8323228 3.010317 3.8323228 3.026297 0 P 0
L 3.8323228 3.010317 3.8573228 3.010317 0 P 0
L 3.8323228 3.026297 3.8573228 3.026297 0 P 0
L 3.8323228 3.060317 3.8323228 3.076297 0 P 0
L 3.8323228 3.060317 3.8573228 3.060317 0 P 0
L 3.8323228 3.076297 3.8573228 3.076297 0 P 0
L 3.8323228 3.110317 3.8323228 3.126297 0 P 0
L 3.8323228 3.110317 3.8573228 3.110317 0 P 0
L 3.8323228 3.126297 3.8573228 3.126297 0 P 0
L 3.8323228 3.160317 3.8323228 3.176297 0 P 0
L 3.8323228 3.160317 3.8573228 3.160317 0 P 0
L 3.8323228 3.176297 3.8573228 3.176297 0 P 0
L 3.8323228 3.210317 3.8323228 3.226297 0 P 0
L 3.8323228 3.210317 3.8573228 3.210317 0 P 0
L 3.8323228 3.226297 3.8573228 3.226297 0 P 0
L 3.8323228 3.260317 3.8323228 3.276297 0 P 0
L 3.8323228 3.260317 3.8573228 3.260317 0 P 0
L 3.8323228 3.276297 3.8573228 3.276297 0 P 0
L 3.8323228 3.310317 3.8323228 3.326297 0 P 0
L 3.8323228 3.310317 3.8573228 3.310317 0 P 0
L 3.8323228 3.326297 3.8573228 3.326297 0 P 0
L 3.8323228 3.360317 3.8323228 3.376297 0 P 0
L 3.8323228 3.360317 3.8573228 3.360317 0 P 0
L 3.8323228 3.376297 3.8573228 3.376297 0 P 0
L 3.8323228 3.410317 3.8323228 3.426297 0 P 0
L 3.8323228 3.410317 3.8573228 3.410317 0 P 0
L 3.8323228 3.426297 3.8573228 3.426297 0 P 0
L 3.8323228 3.460317 3.8323228 3.476297 0 P 0
L 3.8323228 3.460317 3.8573228 3.460317 0 P 0
L 3.8323228 3.476297 3.8573228 3.476297 0 P 0
L 3.8323228 3.510317 3.8323228 3.526297 0 P 0
L 3.8323228 3.510317 3.8573228 3.510317 0 P 0
L 3.8323228 3.526297 3.8573228 3.526297 0 P 0
L 3.8323228 3.560317 3.8323228 3.576297 0 P 0
L 3.8323228 3.560317 3.8573228 3.560317 0 P 0
L 3.8323228 3.576297 3.8573228 3.576297 0 P 0
L 3.8323228 3.610317 3.8323228 3.626297 0 P 0
L 3.8323228 3.610317 3.8573228 3.610317 0 P 0
L 3.8323228 3.626297 3.8573228 3.626297 0 P 0
L 3.8323228 3.660317 3.8323228 3.676297 0 P 0
L 3.8323228 3.660317 3.8573228 3.660317 0 P 0
L 3.8323228 3.676297 3.8573228 3.676297 0 P 0
L 3.8323228 3.710317 3.8323228 3.726297 0 P 0
L 3.8323228 3.710317 3.8573228 3.710317 0 P 0
L 3.8323228 3.726297 3.8573228 3.726297 0 P 0
L 3.8323228 3.760317 3.8323228 3.776297 0 P 0
L 3.8323228 3.760317 3.8573228 3.760317 0 P 0
L 3.8323228 3.776297 3.8573228 3.776297 0 P 0
L 3.8323228 3.810317 3.8323228 3.826297 0 P 0
L 3.8323228 3.810317 3.8573228 3.810317 0 P 0
L 3.8323228 3.826297 3.8573228 3.826297 0 P 0
L 3.8323228 3.860317 3.8323228 3.876297 0 P 0
L 3.8323228 3.860317 3.8573228 3.860317 0 P 0
L 3.8323228 3.876297 3.8573228 3.876297 0 P 0
L 3.8323228 3.910317 3.8323228 3.926297 0 P 0
L 3.8323228 3.910317 3.8573228 3.910317 0 P 0
L 3.8323228 3.926297 3.8573228 3.926297 0 P 0
L 3.8323228 3.960317 3.8323228 3.976297 0 P 0
L 3.8323228 3.960317 3.8573228 3.960317 0 P 0
L 3.8323228 3.976297 3.8573228 3.976297 0 P 0
L 3.8323228 4.010317 3.8323228 4.026297 0 P 0
L 3.8323228 4.010317 3.8573228 4.010317 0 P 0
L 3.8323228 4.026297 3.8573228 4.026297 0 P 0
L 3.8323228 4.060317 3.8323228 4.076297 0 P 0
L 3.8323228 4.060317 3.8573228 4.060317 0 P 0
L 3.8323228 4.076297 3.8573228 4.076297 0 P 0
L 3.8323228 4.110317 3.8323228 4.126297 0 P 0
L 3.8323228 4.110317 3.8573228 4.110317 0 P 0
L 3.8323228 4.126297 3.8573228 4.126297 0 P 0
L 3.8323228 4.160317 3.8323228 4.176297 0 P 0
L 3.8323228 4.160317 3.8573228 4.160317 0 P 0
L 3.8323228 4.176297 3.8573228 4.176297 0 P 0
L 3.8323228 4.210317 3.8323228 4.226297 0 P 0
L 3.8323228 4.210317 3.8573228 4.210317 0 P 0
L 3.8323228 4.226297 3.8573228 4.226297 0 P 0
L 3.8323228 4.260317 3.8323228 4.276297 0 P 0
L 3.8323228 4.260317 3.8573228 4.260317 0 P 0
L 3.8323228 4.276297 3.8573228 4.276297 0 P 0
L 3.8573228 2.784807 3.8573228 2.843307 0 P 0
L 3.8573228 2.784807 3.9773228 2.784807 0 P 0
L 3.8573228 2.843307 3.8573228 2.893307 0 P 0
L 3.8573228 2.893307 3.8573228 2.943307 0 P 0
L 3.8573228 2.943307 3.8573228 2.993307 0 P 0
L 3.8573228 2.993307 3.8573228 3.043307 0 P 0
L 3.8573228 3.043307 3.8573228 3.093307 0 P 0
L 3.8573228 3.093307 3.8573228 3.143307 0 P 0
L 3.8573228 3.143307 3.8573228 3.193307 0 P 0
L 3.8573228 3.193307 3.8573228 3.243307 0 P 0
L 3.8573228 3.243307 3.8573228 3.293307 0 P 0
L 3.8573228 3.293307 3.8573228 3.343307 0 P 0
L 3.8573228 3.343307 3.8573228 3.393307 0 P 0
L 3.8573228 3.393307 3.8573228 3.443307 0 P 0
L 3.8573228 3.443307 3.8573228 3.493307 0 P 0
L 3.8573228 3.493307 3.8573228 3.543307 0 P 0
L 3.8573228 3.543307 3.8573228 3.593307 0 P 0
L 3.8573228 3.593307 3.8573228 3.643307 0 P 0
L 3.8573228 3.643307 3.8573228 3.693307 0 P 0
L 3.8573228 3.693307 3.8573228 3.743307 0 P 0
L 3.8573228 3.743307 3.8573228 3.793307 0 P 0
L 3.8573228 3.793307 3.8573228 3.843307 0 P 0
L 3.8573228 3.843307 3.8573228 3.893307 0 P 0
L 3.8573228 3.893307 3.8573228 3.943307 0 P 0
L 3.8573228 3.943307 3.8573228 3.993307 0 P 0
L 3.8573228 3.993307 3.8573228 4.043307 0 P 0
L 3.8573228 4.043307 3.8573228 4.093307 0 P 0
L 3.8573228 4.093307 3.8573228 4.143307 0 P 0
L 3.8573228 4.143307 3.8573228 4.193307 0 P 0
L 3.8573228 4.193307 3.8573228 4.243307 0 P 0
L 3.8573228 4.243307 3.8573228 4.301807 0 P 0
L 3.8573228 4.301807 3.9773228 4.301807 0 P 0
L 3.8823228 2.808307 3.8823228 2.828307 0 P 0
L 3.8823228 2.808307 3.9023228 2.808307 0 P 0
L 3.8823228 2.828307 3.9023228 2.828307 0 P 0
L 3.8823228 2.858307 3.8823228 2.878307 0 P 0
L 3.8823228 2.858307 3.9023228 2.858307 0 P 0
L 3.8823228 2.878307 3.9023228 2.878307 0 P 0
L 3.8823228 2.908307 3.8823228 2.928307 0 P 0
L 3.8823228 2.908307 3.9023228 2.908307 0 P 0
L 3.8823228 2.928307 3.9023228 2.928307 0 P 0
L 3.8823228 2.958307 3.8823228 2.978307 0 P 0
L 3.8823228 2.958307 3.9023228 2.958307 0 P 0
L 3.8823228 2.978307 3.9023228 2.978307 0 P 0
L 3.8823228 3.008307 3.8823228 3.028307 0 P 0
L 3.8823228 3.008307 3.9023228 3.008307 0 P 0
L 3.8823228 3.028307 3.9023228 3.028307 0 P 0
L 3.8823228 3.058307 3.8823228 3.078307 0 P 0
L 3.8823228 3.058307 3.9023228 3.058307 0 P 0
L 3.8823228 3.078307 3.9023228 3.078307 0 P 0
L 3.8823228 3.108307 3.8823228 3.128307 0 P 0
L 3.8823228 3.108307 3.9023228 3.108307 0 P 0
L 3.8823228 3.128307 3.9023228 3.128307 0 P 0
L 3.8823228 3.158307 3.8823228 3.178307 0 P 0
L 3.8823228 3.158307 3.9023228 3.158307 0 P 0
L 3.8823228 3.178307 3.9023228 3.178307 0 P 0
L 3.8823228 3.208307 3.8823228 3.228307 0 P 0
L 3.8823228 3.208307 3.9023228 3.208307 0 P 0
L 3.8823228 3.228307 3.9023228 3.228307 0 P 0
L 3.8823228 3.258307 3.8823228 3.278307 0 P 0
L 3.8823228 3.258307 3.9023228 3.258307 0 P 0
L 3.8823228 3.278307 3.9023228 3.278307 0 P 0
L 3.8823228 3.308307 3.8823228 3.328307 0 P 0
L 3.8823228 3.308307 3.9023228 3.308307 0 P 0
L 3.8823228 3.328307 3.9023228 3.328307 0 P 0
L 3.8823228 3.358307 3.8823228 3.378307 0 P 0
L 3.8823228 3.358307 3.9023228 3.358307 0 P 0
L 3.8823228 3.378307 3.9023228 3.378307 0 P 0
L 3.8823228 3.408307 3.8823228 3.428307 0 P 0
L 3.8823228 3.408307 3.9023228 3.408307 0 P 0
L 3.8823228 3.428307 3.9023228 3.428307 0 P 0
L 3.8823228 3.458307 3.8823228 3.478307 0 P 0
L 3.8823228 3.458307 3.9023228 3.458307 0 P 0
L 3.8823228 3.478307 3.9023228 3.478307 0 P 0
L 3.8823228 3.508307 3.8823228 3.528307 0 P 0
L 3.8823228 3.508307 3.9023228 3.508307 0 P 0
L 3.8823228 3.528307 3.9023228 3.528307 0 P 0
L 3.8823228 3.558307 3.8823228 3.578307 0 P 0
L 3.8823228 3.558307 3.9023228 3.558307 0 P 0
L 3.8823228 3.578307 3.9023228 3.578307 0 P 0
L 3.8823228 3.608307 3.8823228 3.628307 0 P 0
L 3.8823228 3.608307 3.9023228 3.608307 0 P 0
L 3.8823228 3.628307 3.9023228 3.628307 0 P 0
L 3.8823228 3.658307 3.8823228 3.678307 0 P 0
L 3.8823228 3.658307 3.9023228 3.658307 0 P 0
L 3.8823228 3.678307 3.9023228 3.678307 0 P 0
L 3.8823228 3.708307 3.8823228 3.728307 0 P 0
L 3.8823228 3.708307 3.9023228 3.708307 0 P 0
L 3.8823228 3.728307 3.9023228 3.728307 0 P 0
L 3.8823228 3.758307 3.8823228 3.778307 0 P 0
L 3.8823228 3.758307 3.9023228 3.758307 0 P 0
L 3.8823228 3.778307 3.9023228 3.778307 0 P 0
L 3.8823228 3.808307 3.8823228 3.828307 0 P 0
L 3.8823228 3.808307 3.9023228 3.808307 0 P 0
L 3.8823228 3.828307 3.9023228 3.828307 0 P 0
L 3.8823228 3.858307 3.8823228 3.878307 0 P 0
L 3.8823228 3.858307 3.9023228 3.858307 0 P 0
L 3.8823228 3.878307 3.9023228 3.878307 0 P 0
L 3.8823228 3.908307 3.8823228 3.928307 0 P 0
L 3.8823228 3.908307 3.9023228 3.908307 0 P 0
L 3.8823228 3.928307 3.9023228 3.928307 0 P 0
L 3.8823228 3.958307 3.8823228 3.978307 0 P 0
L 3.8823228 3.958307 3.9023228 3.958307 0 P 0
L 3.8823228 3.978307 3.9023228 3.978307 0 P 0
L 3.8823228 4.008307 3.8823228 4.028307 0 P 0
L 3.8823228 4.008307 3.9023228 4.008307 0 P 0
L 3.8823228 4.028307 3.9023228 4.028307 0 P 0
L 3.8823228 4.058307 3.8823228 4.078307 0 P 0
L 3.8823228 4.058307 3.9023228 4.058307 0 P 0
L 3.8823228 4.078307 3.9023228 4.078307 0 P 0
L 3.8823228 4.108307 3.8823228 4.128307 0 P 0
L 3.8823228 4.108307 3.9023228 4.108307 0 P 0
L 3.8823228 4.128307 3.9023228 4.128307 0 P 0
L 3.8823228 4.158307 3.8823228 4.178307 0 P 0
L 3.8823228 4.158307 3.9023228 4.158307 0 P 0
L 3.8823228 4.178307 3.9023228 4.178307 0 P 0
L 3.8823228 4.208307 3.8823228 4.228307 0 P 0
L 3.8823228 4.208307 3.9023228 4.208307 0 P 0
L 3.8823228 4.228307 3.9023228 4.228307 0 P 0
L 3.8823228 4.258307 3.8823228 4.278307 0 P 0
L 3.8823228 4.258307 3.9023228 4.258307 0 P 0
L 3.8823228 4.278307 3.9023228 4.278307 0 P 0
L 3.9023228 2.808307 3.9023228 2.828307 0 P 0
L 3.9023228 2.858307 3.9023228 2.878307 0 P 0
L 3.9023228 2.908307 3.9023228 2.928307 0 P 0
L 3.9023228 2.958307 3.9023228 2.978307 0 P 0
L 3.9023228 3.008307 3.9023228 3.028307 0 P 0
L 3.9023228 3.058307 3.9023228 3.078307 0 P 0
L 3.9023228 3.108307 3.9023228 3.128307 0 P 0
L 3.9023228 3.158307 3.9023228 3.178307 0 P 0
L 3.9023228 3.208307 3.9023228 3.228307 0 P 0
L 3.9023228 3.258307 3.9023228 3.278307 0 P 0
L 3.9023228 3.308307 3.9023228 3.328307 0 P 0
L 3.9023228 3.358307 3.9023228 3.378307 0 P 0
L 3.9023228 3.408307 3.9023228 3.428307 0 P 0
L 3.9023228 3.458307 3.9023228 3.478307 0 P 0
L 3.9023228 3.508307 3.9023228 3.528307 0 P 0
L 3.9023228 3.558307 3.9023228 3.578307 0 P 0
L 3.9023228 3.608307 3.9023228 3.628307 0 P 0
L 3.9023228 3.658307 3.9023228 3.678307 0 P 0
L 3.9023228 3.708307 3.9023228 3.728307 0 P 0
L 3.9023228 3.758307 3.9023228 3.778307 0 P 0
L 3.9023228 3.808307 3.9023228 3.828307 0 P 0
L 3.9023228 3.858307 3.9023228 3.878307 0 P 0
L 3.9023228 3.908307 3.9023228 3.928307 0 P 0
L 3.9023228 3.958307 3.9023228 3.978307 0 P 0
L 3.9023228 4.008307 3.9023228 4.028307 0 P 0
L 3.9023228 4.058307 3.9023228 4.078307 0 P 0
L 3.9023228 4.108307 3.9023228 4.128307 0 P 0
L 3.9023228 4.158307 3.9023228 4.178307 0 P 0
L 3.9023228 4.208307 3.9023228 4.228307 0 P 0
L 3.9023228 4.258307 3.9023228 4.278307 0 P 0
L 3.9323228 2.808307 3.9323228 2.828307 0 P 0
L 3.9323228 2.808307 3.9523228 2.808307 0 P 0
L 3.9323228 2.828307 3.9523228 2.828307 0 P 0
L 3.9323228 2.858307 3.9323228 2.878307 0 P 0
L 3.9323228 2.858307 3.9523228 2.858307 0 P 0
L 3.9323228 2.878307 3.9523228 2.878307 0 P 0
L 3.9323228 2.908307 3.9323228 2.928307 0 P 0
L 3.9323228 2.908307 3.9523228 2.908307 0 P 0
L 3.9323228 2.928307 3.9523228 2.928307 0 P 0
L 3.9323228 2.958307 3.9323228 2.978307 0 P 0
L 3.9323228 2.958307 3.9523228 2.958307 0 P 0
L 3.9323228 2.978307 3.9523228 2.978307 0 P 0
L 3.9323228 3.008307 3.9323228 3.028307 0 P 0
L 3.9323228 3.008307 3.9523228 3.008307 0 P 0
L 3.9323228 3.028307 3.9523228 3.028307 0 P 0
L 3.9323228 3.058307 3.9323228 3.078307 0 P 0
L 3.9323228 3.058307 3.9523228 3.058307 0 P 0
L 3.9323228 3.078307 3.9523228 3.078307 0 P 0
L 3.9323228 3.108307 3.9323228 3.128307 0 P 0
L 3.9323228 3.108307 3.9523228 3.108307 0 P 0
L 3.9323228 3.128307 3.9523228 3.128307 0 P 0
L 3.9323228 3.158307 3.9323228 3.178307 0 P 0
L 3.9323228 3.158307 3.9523228 3.158307 0 P 0
L 3.9323228 3.178307 3.9523228 3.178307 0 P 0
L 3.9323228 3.208307 3.9323228 3.228307 0 P 0
L 3.9323228 3.208307 3.9523228 3.208307 0 P 0
L 3.9323228 3.228307 3.9523228 3.228307 0 P 0
L 3.9323228 3.258307 3.9323228 3.278307 0 P 0
L 3.9323228 3.258307 3.9523228 3.258307 0 P 0
L 3.9323228 3.278307 3.9523228 3.278307 0 P 0
L 3.9323228 3.308307 3.9323228 3.328307 0 P 0
L 3.9323228 3.308307 3.9523228 3.308307 0 P 0
L 3.9323228 3.328307 3.9523228 3.328307 0 P 0
L 3.9323228 3.358307 3.9323228 3.378307 0 P 0
L 3.9323228 3.358307 3.9523228 3.358307 0 P 0
L 3.9323228 3.378307 3.9523228 3.378307 0 P 0
L 3.9323228 3.408307 3.9323228 3.428307 0 P 0
L 3.9323228 3.408307 3.9523228 3.408307 0 P 0
L 3.9323228 3.428307 3.9523228 3.428307 0 P 0
L 3.9323228 3.458307 3.9323228 3.478307 0 P 0
L 3.9323228 3.458307 3.9523228 3.458307 0 P 0
L 3.9323228 3.478307 3.9523228 3.478307 0 P 0
L 3.9323228 3.508307 3.9323228 3.528307 0 P 0
L 3.9323228 3.508307 3.9523228 3.508307 0 P 0
L 3.9323228 3.528307 3.9523228 3.528307 0 P 0
L 3.9323228 3.558307 3.9323228 3.578307 0 P 0
L 3.9323228 3.558307 3.9523228 3.558307 0 P 0
L 3.9323228 3.578307 3.9523228 3.578307 0 P 0
L 3.9323228 3.608307 3.9323228 3.628307 0 P 0
L 3.9323228 3.608307 3.9523228 3.608307 0 P 0
L 3.9323228 3.628307 3.9523228 3.628307 0 P 0
L 3.9323228 3.658307 3.9323228 3.678307 0 P 0
L 3.9323228 3.658307 3.9523228 3.658307 0 P 0
L 3.9323228 3.678307 3.9523228 3.678307 0 P 0
L 3.9323228 3.708307 3.9323228 3.728307 0 P 0
L 3.9323228 3.708307 3.9523228 3.708307 0 P 0
L 3.9323228 3.728307 3.9523228 3.728307 0 P 0
L 3.9323228 3.758307 3.9323228 3.778307 0 P 0
L 3.9323228 3.758307 3.9523228 3.758307 0 P 0
L 3.9323228 3.778307 3.9523228 3.778307 0 P 0
L 3.9323228 3.808307 3.9323228 3.828307 0 P 0
L 3.9323228 3.808307 3.9523228 3.808307 0 P 0
L 3.9323228 3.828307 3.9523228 3.828307 0 P 0
L 3.9323228 3.858307 3.9323228 3.878307 0 P 0
L 3.9323228 3.858307 3.9523228 3.858307 0 P 0
L 3.9323228 3.878307 3.9523228 3.878307 0 P 0
L 3.9323228 3.908307 3.9323228 3.928307 0 P 0
L 3.9323228 3.908307 3.9523228 3.908307 0 P 0
L 3.9323228 3.928307 3.9523228 3.928307 0 P 0
L 3.9323228 3.958307 3.9323228 3.978307 0 P 0
L 3.9323228 3.958307 3.9523228 3.958307 0 P 0
L 3.9323228 3.978307 3.9523228 3.978307 0 P 0
L 3.9323228 4.008307 3.9323228 4.028307 0 P 0
L 3.9323228 4.008307 3.9523228 4.008307 0 P 0
L 3.9323228 4.028307 3.9523228 4.028307 0 P 0
L 3.9323228 4.058307 3.9323228 4.078307 0 P 0
L 3.9323228 4.058307 3.9523228 4.058307 0 P 0
L 3.9323228 4.078307 3.9523228 4.078307 0 P 0
L 3.9323228 4.108307 3.9323228 4.128307 0 P 0
L 3.9323228 4.108307 3.9523228 4.108307 0 P 0
L 3.9323228 4.128307 3.9523228 4.128307 0 P 0
L 3.9323228 4.158307 3.9323228 4.178307 0 P 0
L 3.9323228 4.158307 3.9523228 4.158307 0 P 0
L 3.9323228 4.178307 3.9523228 4.178307 0 P 0
L 3.9323228 4.208307 3.9323228 4.228307 0 P 0
L 3.9323228 4.208307 3.9523228 4.208307 0 P 0
L 3.9323228 4.228307 3.9523228 4.228307 0 P 0
L 3.9323228 4.258307 3.9323228 4.278307 0 P 0
L 3.9323228 4.258307 3.9523228 4.258307 0 P 0
L 3.9323228 4.278307 3.9523228 4.278307 0 P 0
L 3.9523228 2.808307 3.9523228 2.828307 0 P 0
L 3.9523228 2.858307 3.9523228 2.878307 0 P 0
L 3.9523228 2.908307 3.9523228 2.928307 0 P 0
L 3.9523228 2.958307 3.9523228 2.978307 0 P 0
L 3.9523228 3.008307 3.9523228 3.028307 0 P 0
L 3.9523228 3.058307 3.9523228 3.078307 0 P 0
L 3.9523228 3.108307 3.9523228 3.128307 0 P 0
L 3.9523228 3.158307 3.9523228 3.178307 0 P 0
L 3.9523228 3.208307 3.9523228 3.228307 0 P 0
L 3.9523228 3.258307 3.9523228 3.278307 0 P 0
L 3.9523228 3.308307 3.9523228 3.328307 0 P 0
L 3.9523228 3.358307 3.9523228 3.378307 0 P 0
L 3.9523228 3.408307 3.9523228 3.428307 0 P 0
L 3.9523228 3.458307 3.9523228 3.478307 0 P 0
L 3.9523228 3.508307 3.9523228 3.528307 0 P 0
L 3.9523228 3.558307 3.9523228 3.578307 0 P 0
L 3.9523228 3.608307 3.9523228 3.628307 0 P 0
L 3.9523228 3.658307 3.9523228 3.678307 0 P 0
L 3.9523228 3.708307 3.9523228 3.728307 0 P 0
L 3.9523228 3.758307 3.9523228 3.778307 0 P 0
L 3.9523228 3.808307 3.9523228 3.828307 0 P 0
L 3.9523228 3.858307 3.9523228 3.878307 0 P 0
L 3.9523228 3.908307 3.9523228 3.928307 0 P 0
L 3.9523228 3.958307 3.9523228 3.978307 0 P 0
L 3.9523228 4.008307 3.9523228 4.028307 0 P 0
L 3.9523228 4.058307 3.9523228 4.078307 0 P 0
L 3.9523228 4.108307 3.9523228 4.128307 0 P 0
L 3.9523228 4.158307 3.9523228 4.178307 0 P 0
L 3.9523228 4.208307 3.9523228 4.228307 0 P 0
L 3.9523228 4.258307 3.9523228 4.278307 0 P 0
L 3.9773228 2.784807 3.9773228 2.843307 0 P 0
L 3.9773228 2.810317 4.0023228 2.810317 0 P 0
L 3.9773228 2.826297 4.0023228 2.826297 0 P 0
L 3.9773228 2.843307 3.9773228 2.893307 0 P 0
L 3.9773228 2.860317 4.0023228 2.860317 0 P 0
L 3.9773228 2.876297 4.0023228 2.876297 0 P 0
L 3.9773228 2.893307 3.9773228 2.943307 0 P 0
L 3.9773228 2.910317 4.0023228 2.910317 0 P 0
L 3.9773228 2.926297 4.0023228 2.926297 0 P 0
L 3.9773228 2.943307 3.9773228 2.993307 0 P 0
L 3.9773228 2.960317 4.0023228 2.960317 0 P 0
L 3.9773228 2.976297 4.0023228 2.976297 0 P 0
L 3.9773228 2.993307 3.9773228 3.043307 0 P 0
L 3.9773228 3.010317 4.0023228 3.010317 0 P 0
L 3.9773228 3.026297 4.0023228 3.026297 0 P 0
L 3.9773228 3.043307 3.9773228 3.093307 0 P 0
L 3.9773228 3.060317 4.0023228 3.060317 0 P 0
L 3.9773228 3.076297 4.0023228 3.076297 0 P 0
L 3.9773228 3.093307 3.9773228 3.143307 0 P 0
L 3.9773228 3.110317 4.0023228 3.110317 0 P 0
L 3.9773228 3.126297 4.0023228 3.126297 0 P 0
L 3.9773228 3.143307 3.9773228 3.193307 0 P 0
L 3.9773228 3.160317 4.0023228 3.160317 0 P 0
L 3.9773228 3.176297 4.0023228 3.176297 0 P 0
L 3.9773228 3.193307 3.9773228 3.243307 0 P 0
L 3.9773228 3.210317 4.0023228 3.210317 0 P 0
L 3.9773228 3.226297 4.0023228 3.226297 0 P 0
L 3.9773228 3.243307 3.9773228 3.293307 0 P 0
L 3.9773228 3.260317 4.0023228 3.260317 0 P 0
L 3.9773228 3.276297 4.0023228 3.276297 0 P 0
L 3.9773228 3.293307 3.9773228 3.343307 0 P 0
L 3.9773228 3.310317 4.0023228 3.310317 0 P 0
L 3.9773228 3.326297 4.0023228 3.326297 0 P 0
L 3.9773228 3.343307 3.9773228 3.393307 0 P 0
L 3.9773228 3.360317 4.0023228 3.360317 0 P 0
L 3.9773228 3.376297 4.0023228 3.376297 0 P 0
L 3.9773228 3.393307 3.9773228 3.443307 0 P 0
L 3.9773228 3.410317 4.0023228 3.410317 0 P 0
L 3.9773228 3.426297 4.0023228 3.426297 0 P 0
L 3.9773228 3.443307 3.9773228 3.493307 0 P 0
L 3.9773228 3.460317 4.0023228 3.460317 0 P 0
L 3.9773228 3.476297 4.0023228 3.476297 0 P 0
L 3.9773228 3.493307 3.9773228 3.543307 0 P 0
L 3.9773228 3.510317 4.0023228 3.510317 0 P 0
L 3.9773228 3.526297 4.0023228 3.526297 0 P 0
L 3.9773228 3.543307 3.9773228 3.593307 0 P 0
L 3.9773228 3.560317 4.0023228 3.560317 0 P 0
L 3.9773228 3.576297 4.0023228 3.576297 0 P 0
L 3.9773228 3.593307 3.9773228 3.643307 0 P 0
L 3.9773228 3.610317 4.0023228 3.610317 0 P 0
L 3.9773228 3.626297 4.0023228 3.626297 0 P 0
L 3.9773228 3.643307 3.9773228 3.693307 0 P 0
L 3.9773228 3.660317 4.0023228 3.660317 0 P 0
L 3.9773228 3.676297 4.0023228 3.676297 0 P 0
L 3.9773228 3.693307 3.9773228 3.743307 0 P 0
L 3.9773228 3.710317 4.0023228 3.710317 0 P 0
L 3.9773228 3.726297 4.0023228 3.726297 0 P 0
L 3.9773228 3.743307 3.9773228 3.793307 0 P 0
L 3.9773228 3.760317 4.0023228 3.760317 0 P 0
L 3.9773228 3.776297 4.0023228 3.776297 0 P 0
L 3.9773228 3.793307 3.9773228 3.843307 0 P 0
L 3.9773228 3.810317 4.0023228 3.810317 0 P 0
L 3.9773228 3.826297 4.0023228 3.826297 0 P 0
L 3.9773228 3.843307 3.9773228 3.893307 0 P 0
L 3.9773228 3.860317 4.0023228 3.860317 0 P 0
L 3.9773228 3.876297 4.0023228 3.876297 0 P 0
L 3.9773228 3.893307 3.9773228 3.943307 0 P 0
L 3.9773228 3.910317 4.0023228 3.910317 0 P 0
L 3.9773228 3.926297 4.0023228 3.926297 0 P 0
L 3.9773228 3.943307 3.9773228 3.993307 0 P 0
L 3.9773228 3.960317 4.0023228 3.960317 0 P 0
L 3.9773228 3.976297 4.0023228 3.976297 0 P 0
L 3.9773228 3.993307 3.9773228 4.043307 0 P 0
L 3.9773228 4.010317 4.0023228 4.010317 0 P 0
L 3.9773228 4.026297 4.0023228 4.026297 0 P 0
L 3.9773228 4.043307 3.9773228 4.093307 0 P 0
L 3.9773228 4.060317 4.0023228 4.060317 0 P 0
L 3.9773228 4.076297 4.0023228 4.076297 0 P 0
L 3.9773228 4.093307 3.9773228 4.143307 0 P 0
L 3.9773228 4.110317 4.0023228 4.110317 0 P 0
L 3.9773228 4.126297 4.0023228 4.126297 0 P 0
L 3.9773228 4.143307 3.9773228 4.193307 0 P 0
L 3.9773228 4.160317 4.0023228 4.160317 0 P 0
L 3.9773228 4.176297 4.0023228 4.176297 0 P 0
L 3.9773228 4.193307 3.9773228 4.243307 0 P 0
L 3.9773228 4.210317 4.0023228 4.210317 0 P 0
L 3.9773228 4.226297 4.0023228 4.226297 0 P 0
L 3.9773228 4.243307 3.9773228 4.301807 0 P 0
L 3.9773228 4.260317 4.0023228 4.260317 0 P 0
L 3.9773228 4.276297 4.0023228 4.276297 0 P 0
L 4.0023228 2.810317 4.0023228 2.826297 0 P 0
L 4.0023228 2.860317 4.0023228 2.876297 0 P 0
L 4.0023228 2.910317 4.0023228 2.926297 0 P 0
L 4.0023228 2.960317 4.0023228 2.976297 0 P 0
L 4.0023228 3.010317 4.0023228 3.026297 0 P 0
L 4.0023228 3.060317 4.0023228 3.076297 0 P 0
L 4.0023228 3.110317 4.0023228 3.126297 0 P 0
L 4.0023228 3.160317 4.0023228 3.176297 0 P 0
L 4.0023228 3.210317 4.0023228 3.226297 0 P 0
L 4.0023228 3.260317 4.0023228 3.276297 0 P 0
L 4.0023228 3.310317 4.0023228 3.326297 0 P 0
L 4.0023228 3.360317 4.0023228 3.376297 0 P 0
L 4.0023228 3.410317 4.0023228 3.426297 0 P 0
L 4.0023228 3.460317 4.0023228 3.476297 0 P 0
L 4.0023228 3.510317 4.0023228 3.526297 0 P 0
L 4.0023228 3.560317 4.0023228 3.576297 0 P 0
L 4.0023228 3.610317 4.0023228 3.626297 0 P 0
L 4.0023228 3.660317 4.0023228 3.676297 0 P 0
L 4.0023228 3.710317 4.0023228 3.726297 0 P 0
L 4.0023228 3.760317 4.0023228 3.776297 0 P 0
L 4.0023228 3.810317 4.0023228 3.826297 0 P 0
L 4.0023228 3.860317 4.0023228 3.876297 0 P 0
L 4.0023228 3.910317 4.0023228 3.926297 0 P 0
L 4.0023228 3.960317 4.0023228 3.976297 0 P 0
L 4.0023228 4.010317 4.0023228 4.026297 0 P 0
L 4.0023228 4.060317 4.0023228 4.076297 0 P 0
L 4.0023228 4.110317 4.0023228 4.126297 0 P 0
L 4.0023228 4.160317 4.0023228 4.176297 0 P 0
L 4.0023228 4.210317 4.0023228 4.226297 0 P 0
L 4.0023228 4.260317 4.0023228 4.276297 0 P 0
L 6.1945275 2.810317 6.1945275 2.826297 0 P 0
L 6.1945275 2.810317 6.2195275 2.810317 0 P 0
L 6.1945275 2.826297 6.2195275 2.826297 0 P 0
L 6.1945275 2.860317 6.1945275 2.876297 0 P 0
L 6.1945275 2.860317 6.2195275 2.860317 0 P 0
L 6.1945275 2.876297 6.2195275 2.876297 0 P 0
L 6.1945275 2.910317 6.1945275 2.926297 0 P 0
L 6.1945275 2.910317 6.2195275 2.910317 0 P 0
L 6.1945275 2.926297 6.2195275 2.926297 0 P 0
L 6.1945275 2.960317 6.1945275 2.976297 0 P 0
L 6.1945275 2.960317 6.2195275 2.960317 0 P 0
L 6.1945275 2.976297 6.2195275 2.976297 0 P 0
L 6.1945275 3.010317 6.1945275 3.026297 0 P 0
L 6.1945275 3.010317 6.2195275 3.010317 0 P 0
L 6.1945275 3.026297 6.2195275 3.026297 0 P 0
L 6.1945275 3.060317 6.1945275 3.076297 0 P 0
L 6.1945275 3.060317 6.2195275 3.060317 0 P 0
L 6.1945275 3.076297 6.2195275 3.076297 0 P 0
L 6.1945275 3.110317 6.1945275 3.126297 0 P 0
L 6.1945275 3.110317 6.2195275 3.110317 0 P 0
L 6.1945275 3.126297 6.2195275 3.126297 0 P 0
L 6.1945275 3.160317 6.1945275 3.176297 0 P 0
L 6.1945275 3.160317 6.2195275 3.160317 0 P 0
L 6.1945275 3.176297 6.2195275 3.176297 0 P 0
L 6.1945275 3.210317 6.1945275 3.226297 0 P 0
L 6.1945275 3.210317 6.2195275 3.210317 0 P 0
L 6.1945275 3.226297 6.2195275 3.226297 0 P 0
L 6.1945275 3.260317 6.1945275 3.276297 0 P 0
L 6.1945275 3.260317 6.2195275 3.260317 0 P 0
L 6.1945275 3.276297 6.2195275 3.276297 0 P 0
L 6.1945275 3.310317 6.1945275 3.326297 0 P 0
L 6.1945275 3.310317 6.2195275 3.310317 0 P 0
L 6.1945275 3.326297 6.2195275 3.326297 0 P 0
L 6.1945275 3.360317 6.1945275 3.376297 0 P 0
L 6.1945275 3.360317 6.2195275 3.360317 0 P 0
L 6.1945275 3.376297 6.2195275 3.376297 0 P 0
L 6.1945275 3.410317 6.1945275 3.426297 0 P 0
L 6.1945275 3.410317 6.2195275 3.410317 0 P 0
L 6.1945275 3.426297 6.2195275 3.426297 0 P 0
L 6.1945275 3.460317 6.1945275 3.476297 0 P 0
L 6.1945275 3.460317 6.2195275 3.460317 0 P 0
L 6.1945275 3.476297 6.2195275 3.476297 0 P 0
L 6.1945275 3.510317 6.1945275 3.526297 0 P 0
L 6.1945275 3.510317 6.2195275 3.510317 0 P 0
L 6.1945275 3.526297 6.2195275 3.526297 0 P 0
L 6.1945275 3.560317 6.1945275 3.576297 0 P 0
L 6.1945275 3.560317 6.2195275 3.560317 0 P 0
L 6.1945275 3.576297 6.2195275 3.576297 0 P 0
L 6.1945275 3.610317 6.1945275 3.626297 0 P 0
L 6.1945275 3.610317 6.2195275 3.610317 0 P 0
L 6.1945275 3.626297 6.2195275 3.626297 0 P 0
L 6.1945275 3.660317 6.1945275 3.676297 0 P 0
L 6.1945275 3.660317 6.2195275 3.660317 0 P 0
L 6.1945275 3.676297 6.2195275 3.676297 0 P 0
L 6.1945275 3.710317 6.1945275 3.726297 0 P 0
L 6.1945275 3.710317 6.2195275 3.710317 0 P 0
L 6.1945275 3.726297 6.2195275 3.726297 0 P 0
L 6.1945275 3.760317 6.1945275 3.776297 0 P 0
L 6.1945275 3.760317 6.2195275 3.760317 0 P 0
L 6.1945275 3.776297 6.2195275 3.776297 0 P 0
L 6.1945275 3.810317 6.1945275 3.826297 0 P 0
L 6.1945275 3.810317 6.2195275 3.810317 0 P 0
L 6.1945275 3.826297 6.2195275 3.826297 0 P 0
L 6.1945275 3.860317 6.1945275 3.876297 0 P 0
L 6.1945275 3.860317 6.2195275 3.860317 0 P 0
L 6.1945275 3.876297 6.2195275 3.876297 0 P 0
L 6.1945275 3.910317 6.1945275 3.926297 0 P 0
L 6.1945275 3.910317 6.2195275 3.910317 0 P 0
L 6.1945275 3.926297 6.2195275 3.926297 0 P 0
L 6.1945275 3.960317 6.1945275 3.976297 0 P 0
L 6.1945275 3.960317 6.2195275 3.960317 0 P 0
L 6.1945275 3.976297 6.2195275 3.976297 0 P 0
L 6.1945275 4.010317 6.1945275 4.026297 0 P 0
L 6.1945275 4.010317 6.2195275 4.010317 0 P 0
L 6.1945275 4.026297 6.2195275 4.026297 0 P 0
L 6.1945275 4.060317 6.1945275 4.076297 0 P 0
L 6.1945275 4.060317 6.2195275 4.060317 0 P 0
L 6.1945275 4.076297 6.2195275 4.076297 0 P 0
L 6.1945275 4.110317 6.1945275 4.126297 0 P 0
L 6.1945275 4.110317 6.2195275 4.110317 0 P 0
L 6.1945275 4.126297 6.2195275 4.126297 0 P 0
L 6.1945275 4.160317 6.1945275 4.176297 0 P 0
L 6.1945275 4.160317 6.2195275 4.160317 0 P 0
L 6.1945275 4.176297 6.2195275 4.176297 0 P 0
L 6.1945275 4.210317 6.1945275 4.226297 0 P 0
L 6.1945275 4.210317 6.2195275 4.210317 0 P 0
L 6.1945275 4.226297 6.2195275 4.226297 0 P 0
L 6.1945275 4.260317 6.1945275 4.276297 0 P 0
L 6.1945275 4.260317 6.2195275 4.260317 0 P 0
L 6.1945275 4.276297 6.2195275 4.276297 0 P 0
L 6.2195275 2.784807 6.2195275 2.843307 0 P 0
L 6.2195275 2.784807 6.3395275 2.784807 0 P 0
L 6.2195275 2.843307 6.2195275 2.893307 0 P 0
L 6.2195275 2.893307 6.2195275 2.943307 0 P 0
L 6.2195275 2.943307 6.2195275 2.993307 0 P 0
L 6.2195275 2.993307 6.2195275 3.043307 0 P 0
L 6.2195275 3.043307 6.2195275 3.093307 0 P 0
L 6.2195275 3.093307 6.2195275 3.143307 0 P 0
L 6.2195275 3.143307 6.2195275 3.193307 0 P 0
L 6.2195275 3.193307 6.2195275 3.243307 0 P 0
L 6.2195275 3.243307 6.2195275 3.293307 0 P 0
L 6.2195275 3.293307 6.2195275 3.343307 0 P 0
L 6.2195275 3.343307 6.2195275 3.393307 0 P 0
L 6.2195275 3.393307 6.2195275 3.443307 0 P 0
L 6.2195275 3.443307 6.2195275 3.493307 0 P 0
L 6.2195275 3.493307 6.2195275 3.543307 0 P 0
L 6.2195275 3.543307 6.2195275 3.593307 0 P 0
L 6.2195275 3.593307 6.2195275 3.643307 0 P 0
L 6.2195275 3.643307 6.2195275 3.693307 0 P 0
L 6.2195275 3.693307 6.2195275 3.743307 0 P 0
L 6.2195275 3.743307 6.2195275 3.793307 0 P 0
L 6.2195275 3.793307 6.2195275 3.843307 0 P 0
L 6.2195275 3.843307 6.2195275 3.893307 0 P 0
L 6.2195275 3.893307 6.2195275 3.943307 0 P 0
L 6.2195275 3.943307 6.2195275 3.993307 0 P 0
L 6.2195275 3.993307 6.2195275 4.043307 0 P 0
L 6.2195275 4.043307 6.2195275 4.093307 0 P 0
L 6.2195275 4.093307 6.2195275 4.143307 0 P 0
L 6.2195275 4.143307 6.2195275 4.193307 0 P 0
L 6.2195275 4.193307 6.2195275 4.243307 0 P 0
L 6.2195275 4.243307 6.2195275 4.301807 0 P 0
L 6.2195275 4.301807 6.3395275 4.301807 0 P 0
L 6.2445275 2.808307 6.2445275 2.828307 0 P 0
L 6.2445275 2.808307 6.2645275 2.808307 0 P 0
L 6.2445275 2.828307 6.2645275 2.828307 0 P 0
L 6.2445275 2.858307 6.2445275 2.878307 0 P 0
L 6.2445275 2.858307 6.2645275 2.858307 0 P 0
L 6.2445275 2.878307 6.2645275 2.878307 0 P 0
L 6.2445275 2.908307 6.2445275 2.928307 0 P 0
L 6.2445275 2.908307 6.2645275 2.908307 0 P 0
L 6.2445275 2.928307 6.2645275 2.928307 0 P 0
L 6.2445275 2.958307 6.2445275 2.978307 0 P 0
L 6.2445275 2.958307 6.2645275 2.958307 0 P 0
L 6.2445275 2.978307 6.2645275 2.978307 0 P 0
L 6.2445275 3.008307 6.2445275 3.028307 0 P 0
L 6.2445275 3.008307 6.2645275 3.008307 0 P 0
L 6.2445275 3.028307 6.2645275 3.028307 0 P 0
L 6.2445275 3.058307 6.2445275 3.078307 0 P 0
L 6.2445275 3.058307 6.2645275 3.058307 0 P 0
L 6.2445275 3.078307 6.2645275 3.078307 0 P 0
L 6.2445275 3.108307 6.2445275 3.128307 0 P 0
L 6.2445275 3.108307 6.2645275 3.108307 0 P 0
L 6.2445275 3.128307 6.2645275 3.128307 0 P 0
L 6.2445275 3.158307 6.2445275 3.178307 0 P 0
L 6.2445275 3.158307 6.2645275 3.158307 0 P 0
L 6.2445275 3.178307 6.2645275 3.178307 0 P 0
L 6.2445275 3.208307 6.2445275 3.228307 0 P 0
L 6.2445275 3.208307 6.2645275 3.208307 0 P 0
L 6.2445275 3.228307 6.2645275 3.228307 0 P 0
L 6.2445275 3.258307 6.2445275 3.278307 0 P 0
L 6.2445275 3.258307 6.2645275 3.258307 0 P 0
L 6.2445275 3.278307 6.2645275 3.278307 0 P 0
L 6.2445275 3.308307 6.2445275 3.328307 0 P 0
L 6.2445275 3.308307 6.2645275 3.308307 0 P 0
L 6.2445275 3.328307 6.2645275 3.328307 0 P 0
L 6.2445275 3.358307 6.2445275 3.378307 0 P 0
L 6.2445275 3.358307 6.2645275 3.358307 0 P 0
L 6.2445275 3.378307 6.2645275 3.378307 0 P 0
L 6.2445275 3.408307 6.2445275 3.428307 0 P 0
L 6.2445275 3.408307 6.2645275 3.408307 0 P 0
L 6.2445275 3.428307 6.2645275 3.428307 0 P 0
L 6.2445275 3.458307 6.2445275 3.478307 0 P 0
L 6.2445275 3.458307 6.2645275 3.458307 0 P 0
L 6.2445275 3.478307 6.2645275 3.478307 0 P 0
L 6.2445275 3.508307 6.2445275 3.528307 0 P 0
L 6.2445275 3.508307 6.2645275 3.508307 0 P 0
L 6.2445275 3.528307 6.2645275 3.528307 0 P 0
L 6.2445275 3.558307 6.2445275 3.578307 0 P 0
L 6.2445275 3.558307 6.2645275 3.558307 0 P 0
L 6.2445275 3.578307 6.2645275 3.578307 0 P 0
L 6.2445275 3.608307 6.2445275 3.628307 0 P 0
L 6.2445275 3.608307 6.2645275 3.608307 0 P 0
L 6.2445275 3.628307 6.2645275 3.628307 0 P 0
L 6.2445275 3.658307 6.2445275 3.678307 0 P 0
L 6.2445275 3.658307 6.2645275 3.658307 0 P 0
L 6.2445275 3.678307 6.2645275 3.678307 0 P 0
L 6.2445275 3.708307 6.2445275 3.728307 0 P 0
L 6.2445275 3.708307 6.2645275 3.708307 0 P 0
L 6.2445275 3.728307 6.2645275 3.728307 0 P 0
L 6.2445275 3.758307 6.2445275 3.778307 0 P 0
L 6.2445275 3.758307 6.2645275 3.758307 0 P 0
L 6.2445275 3.778307 6.2645275 3.778307 0 P 0
L 6.2445275 3.808307 6.2445275 3.828307 0 P 0
L 6.2445275 3.808307 6.2645275 3.808307 0 P 0
L 6.2445275 3.828307 6.2645275 3.828307 0 P 0
L 6.2445275 3.858307 6.2445275 3.878307 0 P 0
L 6.2445275 3.858307 6.2645275 3.858307 0 P 0
L 6.2445275 3.878307 6.2645275 3.878307 0 P 0
L 6.2445275 3.908307 6.2445275 3.928307 0 P 0
L 6.2445275 3.908307 6.2645275 3.908307 0 P 0
L 6.2445275 3.928307 6.2645275 3.928307 0 P 0
L 6.2445275 3.958307 6.2445275 3.978307 0 P 0
L 6.2445275 3.958307 6.2645275 3.958307 0 P 0
L 6.2445275 3.978307 6.2645275 3.978307 0 P 0
L 6.2445275 4.008307 6.2445275 4.028307 0 P 0
L 6.2445275 4.008307 6.2645275 4.008307 0 P 0
L 6.2445275 4.028307 6.2645275 4.028307 0 P 0
L 6.2445275 4.058307 6.2445275 4.078307 0 P 0
L 6.2445275 4.058307 6.2645275 4.058307 0 P 0
L 6.2445275 4.078307 6.2645275 4.078307 0 P 0
L 6.2445275 4.108307 6.2445275 4.128307 0 P 0
L 6.2445275 4.108307 6.2645275 4.108307 0 P 0
L 6.2445275 4.128307 6.2645275 4.128307 0 P 0
L 6.2445275 4.158307 6.2445275 4.178307 0 P 0
L 6.2445275 4.158307 6.2645275 4.158307 0 P 0
L 6.2445275 4.178307 6.2645275 4.178307 0 P 0
L 6.2445275 4.208307 6.2445275 4.228307 0 P 0
L 6.2445275 4.208307 6.2645275 4.208307 0 P 0
L 6.2445275 4.228307 6.2645275 4.228307 0 P 0
L 6.2445275 4.258307 6.2445275 4.278307 0 P 0
L 6.2445275 4.258307 6.2645275 4.258307 0 P 0
L 6.2445275 4.278307 6.2645275 4.278307 0 P 0
L 6.2645275 2.808307 6.2645275 2.828307 0 P 0
L 6.2645275 2.858307 6.2645275 2.878307 0 P 0
L 6.2645275 2.908307 6.2645275 2.928307 0 P 0
L 6.2645275 2.958307 6.2645275 2.978307 0 P 0
L 6.2645275 3.008307 6.2645275 3.028307 0 P 0
L 6.2645275 3.058307 6.2645275 3.078307 0 P 0
L 6.2645275 3.108307 6.2645275 3.128307 0 P 0
L 6.2645275 3.158307 6.2645275 3.178307 0 P 0
L 6.2645275 3.208307 6.2645275 3.228307 0 P 0
L 6.2645275 3.258307 6.2645275 3.278307 0 P 0
L 6.2645275 3.308307 6.2645275 3.328307 0 P 0
L 6.2645275 3.358307 6.2645275 3.378307 0 P 0
L 6.2645275 3.408307 6.2645275 3.428307 0 P 0
L 6.2645275 3.458307 6.2645275 3.478307 0 P 0
L 6.2645275 3.508307 6.2645275 3.528307 0 P 0
L 6.2645275 3.558307 6.2645275 3.578307 0 P 0
L 6.2645275 3.608307 6.2645275 3.628307 0 P 0
L 6.2645275 3.658307 6.2645275 3.678307 0 P 0
L 6.2645275 3.708307 6.2645275 3.728307 0 P 0
L 6.2645275 3.758307 6.2645275 3.778307 0 P 0
L 6.2645275 3.808307 6.2645275 3.828307 0 P 0
L 6.2645275 3.858307 6.2645275 3.878307 0 P 0
L 6.2645275 3.908307 6.2645275 3.928307 0 P 0
L 6.2645275 3.958307 6.2645275 3.978307 0 P 0
L 6.2645275 4.008307 6.2645275 4.028307 0 P 0
L 6.2645275 4.058307 6.2645275 4.078307 0 P 0
L 6.2645275 4.108307 6.2645275 4.128307 0 P 0
L 6.2645275 4.158307 6.2645275 4.178307 0 P 0
L 6.2645275 4.208307 6.2645275 4.228307 0 P 0
L 6.2645275 4.258307 6.2645275 4.278307 0 P 0
L 6.2945275 2.808307 6.2945275 2.828307 0 P 0
L 6.2945275 2.808307 6.3145275 2.808307 0 P 0
L 6.2945275 2.828307 6.3145275 2.828307 0 P 0
L 6.2945275 2.858307 6.2945275 2.878307 0 P 0
L 6.2945275 2.858307 6.3145275 2.858307 0 P 0
L 6.2945275 2.878307 6.3145275 2.878307 0 P 0
L 6.2945275 2.908307 6.2945275 2.928307 0 P 0
L 6.2945275 2.908307 6.3145275 2.908307 0 P 0
L 6.2945275 2.928307 6.3145275 2.928307 0 P 0
L 6.2945275 2.958307 6.2945275 2.978307 0 P 0
L 6.2945275 2.958307 6.3145275 2.958307 0 P 0
L 6.2945275 2.978307 6.3145275 2.978307 0 P 0
L 6.2945275 3.008307 6.2945275 3.028307 0 P 0
L 6.2945275 3.008307 6.3145275 3.008307 0 P 0
L 6.2945275 3.028307 6.3145275 3.028307 0 P 0
L 6.2945275 3.058307 6.2945275 3.078307 0 P 0
L 6.2945275 3.058307 6.3145275 3.058307 0 P 0
L 6.2945275 3.078307 6.3145275 3.078307 0 P 0
L 6.2945275 3.108307 6.2945275 3.128307 0 P 0
L 6.2945275 3.108307 6.3145275 3.108307 0 P 0
L 6.2945275 3.128307 6.3145275 3.128307 0 P 0
L 6.2945275 3.158307 6.2945275 3.178307 0 P 0
L 6.2945275 3.158307 6.3145275 3.158307 0 P 0
L 6.2945275 3.178307 6.3145275 3.178307 0 P 0
L 6.2945275 3.208307 6.2945275 3.228307 0 P 0
L 6.2945275 3.208307 6.3145275 3.208307 0 P 0
L 6.2945275 3.228307 6.3145275 3.228307 0 P 0
L 6.2945275 3.258307 6.2945275 3.278307 0 P 0
L 6.2945275 3.258307 6.3145275 3.258307 0 P 0
L 6.2945275 3.278307 6.3145275 3.278307 0 P 0
L 6.2945275 3.308307 6.2945275 3.328307 0 P 0
L 6.2945275 3.308307 6.3145275 3.308307 0 P 0
L 6.2945275 3.328307 6.3145275 3.328307 0 P 0
L 6.2945275 3.358307 6.2945275 3.378307 0 P 0
L 6.2945275 3.358307 6.3145275 3.358307 0 P 0
L 6.2945275 3.378307 6.3145275 3.378307 0 P 0
L 6.2945275 3.408307 6.2945275 3.428307 0 P 0
L 6.2945275 3.408307 6.3145275 3.408307 0 P 0
L 6.2945275 3.428307 6.3145275 3.428307 0 P 0
L 6.2945275 3.458307 6.2945275 3.478307 0 P 0
L 6.2945275 3.458307 6.3145275 3.458307 0 P 0
L 6.2945275 3.478307 6.3145275 3.478307 0 P 0
L 6.2945275 3.508307 6.2945275 3.528307 0 P 0
L 6.2945275 3.508307 6.3145275 3.508307 0 P 0
L 6.2945275 3.528307 6.3145275 3.528307 0 P 0
L 6.2945275 3.558307 6.2945275 3.578307 0 P 0
L 6.2945275 3.558307 6.3145275 3.558307 0 P 0
L 6.2945275 3.578307 6.3145275 3.578307 0 P 0
L 6.2945275 3.608307 6.2945275 3.628307 0 P 0
L 6.2945275 3.608307 6.3145275 3.608307 0 P 0
L 6.2945275 3.628307 6.3145275 3.628307 0 P 0
L 6.2945275 3.658307 6.2945275 3.678307 0 P 0
L 6.2945275 3.658307 6.3145275 3.658307 0 P 0
L 6.2945275 3.678307 6.3145275 3.678307 0 P 0
L 6.2945275 3.708307 6.2945275 3.728307 0 P 0
L 6.2945275 3.708307 6.3145275 3.708307 0 P 0
L 6.2945275 3.728307 6.3145275 3.728307 0 P 0
L 6.2945275 3.758307 6.2945275 3.778307 0 P 0
L 6.2945275 3.758307 6.3145275 3.758307 0 P 0
L 6.2945275 3.778307 6.3145275 3.778307 0 P 0
L 6.2945275 3.808307 6.2945275 3.828307 0 P 0
L 6.2945275 3.808307 6.3145275 3.808307 0 P 0
L 6.2945275 3.828307 6.3145275 3.828307 0 P 0
L 6.2945275 3.858307 6.2945275 3.878307 0 P 0
L 6.2945275 3.858307 6.3145275 3.858307 0 P 0
L 6.2945275 3.878307 6.3145275 3.878307 0 P 0
L 6.2945275 3.908307 6.2945275 3.928307 0 P 0
L 6.2945275 3.908307 6.3145275 3.908307 0 P 0
L 6.2945275 3.928307 6.3145275 3.928307 0 P 0
L 6.2945275 3.958307 6.2945275 3.978307 0 P 0
L 6.2945275 3.958307 6.3145275 3.958307 0 P 0
L 6.2945275 3.978307 6.3145275 3.978307 0 P 0
L 6.2945275 4.008307 6.2945275 4.028307 0 P 0
L 6.2945275 4.008307 6.3145275 4.008307 0 P 0
L 6.2945275 4.028307 6.3145275 4.028307 0 P 0
L 6.2945275 4.058307 6.2945275 4.078307 0 P 0
L 6.2945275 4.058307 6.3145275 4.058307 0 P 0
L 6.2945275 4.078307 6.3145275 4.078307 0 P 0
L 6.2945275 4.108307 6.2945275 4.128307 0 P 0
L 6.2945275 4.108307 6.3145275 4.108307 0 P 0
L 6.2945275 4.128307 6.3145275 4.128307 0 P 0
L 6.2945275 4.158307 6.2945275 4.178307 0 P 0
L 6.2945275 4.158307 6.3145275 4.158307 0 P 0
L 6.2945275 4.178307 6.3145275 4.178307 0 P 0
L 6.2945275 4.208307 6.2945275 4.228307 0 P 0
L 6.2945275 4.208307 6.3145275 4.208307 0 P 0
L 6.2945275 4.228307 6.3145275 4.228307 0 P 0
L 6.2945275 4.258307 6.2945275 4.278307 0 P 0
L 6.2945275 4.258307 6.3145275 4.258307 0 P 0
L 6.2945275 4.278307 6.3145275 4.278307 0 P 0
L 6.3145275 2.808307 6.3145275 2.828307 0 P 0
L 6.3145275 2.858307 6.3145275 2.878307 0 P 0
L 6.3145275 2.908307 6.3145275 2.928307 0 P 0
L 6.3145275 2.958307 6.3145275 2.978307 0 P 0
L 6.3145275 3.008307 6.3145275 3.028307 0 P 0
L 6.3145275 3.058307 6.3145275 3.078307 0 P 0
L 6.3145275 3.108307 6.3145275 3.128307 0 P 0
L 6.3145275 3.158307 6.3145275 3.178307 0 P 0
L 6.3145275 3.208307 6.3145275 3.228307 0 P 0
L 6.3145275 3.258307 6.3145275 3.278307 0 P 0
L 6.3145275 3.308307 6.3145275 3.328307 0 P 0
L 6.3145275 3.358307 6.3145275 3.378307 0 P 0
L 6.3145275 3.408307 6.3145275 3.428307 0 P 0
L 6.3145275 3.458307 6.3145275 3.478307 0 P 0
L 6.3145275 3.508307 6.3145275 3.528307 0 P 0
L 6.3145275 3.558307 6.3145275 3.578307 0 P 0
L 6.3145275 3.608307 6.3145275 3.628307 0 P 0
L 6.3145275 3.658307 6.3145275 3.678307 0 P 0
L 6.3145275 3.708307 6.3145275 3.728307 0 P 0
L 6.3145275 3.758307 6.3145275 3.778307 0 P 0
L 6.3145275 3.808307 6.3145275 3.828307 0 P 0
L 6.3145275 3.858307 6.3145275 3.878307 0 P 0
L 6.3145275 3.908307 6.3145275 3.928307 0 P 0
L 6.3145275 3.958307 6.3145275 3.978307 0 P 0
L 6.3145275 4.008307 6.3145275 4.028307 0 P 0
L 6.3145275 4.058307 6.3145275 4.078307 0 P 0
L 6.3145275 4.108307 6.3145275 4.128307 0 P 0
L 6.3145275 4.158307 6.3145275 4.178307 0 P 0
L 6.3145275 4.208307 6.3145275 4.228307 0 P 0
L 6.3145275 4.258307 6.3145275 4.278307 0 P 0
L 6.3395275 2.784807 6.3395275 2.843307 0 P 0
L 6.3395275 2.810317 6.3645275 2.810317 0 P 0
L 6.3395275 2.826297 6.3645275 2.826297 0 P 0
L 6.3395275 2.843307 6.3395275 2.893307 0 P 0
L 6.3395275 2.860317 6.3645275 2.860317 0 P 0
L 6.3395275 2.876297 6.3645275 2.876297 0 P 0
L 6.3395275 2.893307 6.3395275 2.943307 0 P 0
L 6.3395275 2.910317 6.3645275 2.910317 0 P 0
L 6.3395275 2.926297 6.3645275 2.926297 0 P 0
L 6.3395275 2.943307 6.3395275 2.993307 0 P 0
L 6.3395275 2.960317 6.3645275 2.960317 0 P 0
L 6.3395275 2.976297 6.3645275 2.976297 0 P 0
L 6.3395275 2.993307 6.3395275 3.043307 0 P 0
L 6.3395275 3.010317 6.3645275 3.010317 0 P 0
L 6.3395275 3.026297 6.3645275 3.026297 0 P 0
L 6.3395275 3.043307 6.3395275 3.093307 0 P 0
L 6.3395275 3.060317 6.3645275 3.060317 0 P 0
L 6.3395275 3.076297 6.3645275 3.076297 0 P 0
L 6.3395275 3.093307 6.3395275 3.143307 0 P 0
L 6.3395275 3.110317 6.3645275 3.110317 0 P 0
L 6.3395275 3.126297 6.3645275 3.126297 0 P 0
L 6.3395275 3.143307 6.3395275 3.193307 0 P 0
L 6.3395275 3.160317 6.3645275 3.160317 0 P 0
L 6.3395275 3.176297 6.3645275 3.176297 0 P 0
L 6.3395275 3.193307 6.3395275 3.243307 0 P 0
L 6.3395275 3.210317 6.3645275 3.210317 0 P 0
L 6.3395275 3.226297 6.3645275 3.226297 0 P 0
L 6.3395275 3.243307 6.3395275 3.293307 0 P 0
L 6.3395275 3.260317 6.3645275 3.260317 0 P 0
L 6.3395275 3.276297 6.3645275 3.276297 0 P 0
L 6.3395275 3.293307 6.3395275 3.343307 0 P 0
L 6.3395275 3.310317 6.3645275 3.310317 0 P 0
L 6.3395275 3.326297 6.3645275 3.326297 0 P 0
L 6.3395275 3.343307 6.3395275 3.393307 0 P 0
L 6.3395275 3.360317 6.3645275 3.360317 0 P 0
L 6.3395275 3.376297 6.3645275 3.376297 0 P 0
L 6.3395275 3.393307 6.3395275 3.443307 0 P 0
L 6.3395275 3.410317 6.3645275 3.410317 0 P 0
L 6.3395275 3.426297 6.3645275 3.426297 0 P 0
L 6.3395275 3.443307 6.3395275 3.493307 0 P 0
L 6.3395275 3.460317 6.3645275 3.460317 0 P 0
L 6.3395275 3.476297 6.3645275 3.476297 0 P 0
L 6.3395275 3.493307 6.3395275 3.543307 0 P 0
L 6.3395275 3.510317 6.3645275 3.510317 0 P 0
L 6.3395275 3.526297 6.3645275 3.526297 0 P 0
L 6.3395275 3.543307 6.3395275 3.593307 0 P 0
L 6.3395275 3.560317 6.3645275 3.560317 0 P 0
L 6.3395275 3.576297 6.3645275 3.576297 0 P 0
L 6.3395275 3.593307 6.3395275 3.643307 0 P 0
L 6.3395275 3.610317 6.3645275 3.610317 0 P 0
L 6.3395275 3.626297 6.3645275 3.626297 0 P 0
L 6.3395275 3.643307 6.3395275 3.693307 0 P 0
L 6.3395275 3.660317 6.3645275 3.660317 0 P 0
L 6.3395275 3.676297 6.3645275 3.676297 0 P 0
L 6.3395275 3.693307 6.3395275 3.743307 0 P 0
L 6.3395275 3.710317 6.3645275 3.710317 0 P 0
L 6.3395275 3.726297 6.3645275 3.726297 0 P 0
L 6.3395275 3.743307 6.3395275 3.793307 0 P 0
L 6.3395275 3.760317 6.3645275 3.760317 0 P 0
L 6.3395275 3.776297 6.3645275 3.776297 0 P 0
L 6.3395275 3.793307 6.3395275 3.843307 0 P 0
L 6.3395275 3.810317 6.3645275 3.810317 0 P 0
L 6.3395275 3.826297 6.3645275 3.826297 0 P 0
L 6.3395275 3.843307 6.3395275 3.893307 0 P 0
L 6.3395275 3.860317 6.3645275 3.860317 0 P 0
L 6.3395275 3.876297 6.3645275 3.876297 0 P 0
L 6.3395275 3.893307 6.3395275 3.943307 0 P 0
L 6.3395275 3.910317 6.3645275 3.910317 0 P 0
L 6.3395275 3.926297 6.3645275 3.926297 0 P 0
L 6.3395275 3.943307 6.3395275 3.993307 0 P 0
L 6.3395275 3.960317 6.3645275 3.960317 0 P 0
L 6.3395275 3.976297 6.3645275 3.976297 0 P 0
L 6.3395275 3.993307 6.3395275 4.043307 0 P 0
L 6.3395275 4.010317 6.3645275 4.010317 0 P 0
L 6.3395275 4.026297 6.3645275 4.026297 0 P 0
L 6.3395275 4.043307 6.3395275 4.093307 0 P 0
L 6.3395275 4.060317 6.3645275 4.060317 0 P 0
L 6.3395275 4.076297 6.3645275 4.076297 0 P 0
L 6.3395275 4.093307 6.3395275 4.143307 0 P 0
L 6.3395275 4.110317 6.3645275 4.110317 0 P 0
L 6.3395275 4.126297 6.3645275 4.126297 0 P 0
L 6.3395275 4.143307 6.3395275 4.193307 0 P 0
L 6.3395275 4.160317 6.3645275 4.160317 0 P 0
L 6.3395275 4.176297 6.3645275 4.176297 0 P 0
L 6.3395275 4.193307 6.3395275 4.243307 0 P 0
L 6.3395275 4.210317 6.3645275 4.210317 0 P 0
L 6.3395275 4.226297 6.3645275 4.226297 0 P 0
L 6.3395275 4.243307 6.3395275 4.301807 0 P 0
L 6.3395275 4.260317 6.3645275 4.260317 0 P 0
L 6.3395275 4.276297 6.3645275 4.276297 0 P 0
L 6.3645275 2.810317 6.3645275 2.826297 0 P 0
L 6.3645275 2.860317 6.3645275 2.876297 0 P 0
L 6.3645275 2.910317 6.3645275 2.926297 0 P 0
L 6.3645275 2.960317 6.3645275 2.976297 0 P 0
L 6.3645275 3.010317 6.3645275 3.026297 0 P 0
L 6.3645275 3.060317 6.3645275 3.076297 0 P 0
L 6.3645275 3.110317 6.3645275 3.126297 0 P 0
L 6.3645275 3.160317 6.3645275 3.176297 0 P 0
L 6.3645275 3.210317 6.3645275 3.226297 0 P 0
L 6.3645275 3.260317 6.3645275 3.276297 0 P 0
L 6.3645275 3.310317 6.3645275 3.326297 0 P 0
L 6.3645275 3.360317 6.3645275 3.376297 0 P 0
L 6.3645275 3.410317 6.3645275 3.426297 0 P 0
L 6.3645275 3.460317 6.3645275 3.476297 0 P 0
L 6.3645275 3.510317 6.3645275 3.526297 0 P 0
L 6.3645275 3.560317 6.3645275 3.576297 0 P 0
L 6.3645275 3.610317 6.3645275 3.626297 0 P 0
L 6.3645275 3.660317 6.3645275 3.676297 0 P 0
L 6.3645275 3.710317 6.3645275 3.726297 0 P 0
L 6.3645275 3.760317 6.3645275 3.776297 0 P 0
L 6.3645275 3.810317 6.3645275 3.826297 0 P 0
L 6.3645275 3.860317 6.3645275 3.876297 0 P 0
L 6.3645275 3.910317 6.3645275 3.926297 0 P 0
L 6.3645275 3.960317 6.3645275 3.976297 0 P 0
L 6.3645275 4.010317 6.3645275 4.026297 0 P 0
L 6.3645275 4.060317 6.3645275 4.076297 0 P 0
L 6.3645275 4.110317 6.3645275 4.126297 0 P 0
L 6.3645275 4.160317 6.3645275 4.176297 0 P 0
L 6.3645275 4.210317 6.3645275 4.226297 0 P 0
L 6.3645275 4.260317 6.3645275 4.276297 0 P 0
