#Layer_Color=8388736
#
#Feature symbol names
#
$0 r1.9685

#
#Feature attribute names
#

#
#Layer features
#
L 0.1704724 0.2125985 0.1704724 0.2440945 0 P 0
L 0.1704724 0.2125985 0.2295276 0.2125985 0 P 0
L 0.1704724 0.2440945 0.2295276 0.2440945 0 P 0
L 0.1811024 0.7592126 0.1811024 0.8182678 0 P 0
L 0.1811024 0.7592126 0.2125984 0.7592126 0 P 0
L 0.1811024 0.8182678 0.2125984 0.8182678 0 P 0
L 0.2125984 0.7592126 0.2125984 0.8182678 0 P 0
L 0.224252 1.3484252 0.224252 1.4074804 0 P 0
L 0.224252 1.3484252 0.255748 1.3484252 0 P 0
L 0.224252 1.4074804 0.255748 1.4074804 0 P 0
L 0.2263779 0.8229922 0.2263779 0.8544882 0 P 0
L 0.2263779 0.8229922 0.2854331 0.8229922 0 P 0
L 0.2263779 0.8544882 0.2854331 0.8544882 0 P 0
L 0.2295276 0.2125985 0.2295276 0.2440945 0 P 0
L 0.2401575 0.6554724 0.2401575 0.7145276 0 P 0
L 0.2401575 0.6554724 0.2716535 0.6554724 0 P 0
L 0.2401575 0.7145276 0.2716535 0.7145276 0 P 0
L 0.255748 1.3484252 0.255748 1.4074804 0 P 0
L 0.2716535 0.6554724 0.2716535 0.7145276 0 P 0
L 0.2854331 0.8229922 0.2854331 0.8544882 0 P 0
L 0.324252 1.3484252 0.324252 1.4074804 0 P 0
L 0.324252 1.3484252 0.355748 1.3484252 0 P 0
L 0.324252 1.4074804 0.355748 1.4074804 0 P 0
L 0.355748 1.3484252 0.355748 1.4074804 0 P 0
L 0.4066929 0.2125985 0.4066929 0.2440945 0 P 0
L 0.4066929 0.2125985 0.4657481 0.2125985 0 P 0
L 0.4066929 0.2440945 0.4657481 0.2440945 0 P 0
L 0.4173229 0.7592126 0.4173229 0.8182678 0 P 0
L 0.4173229 0.7592126 0.4488189 0.7592126 0 P 0
L 0.4173229 0.8182678 0.4488189 0.8182678 0 P 0
L 0.424252 1.3484252 0.424252 1.4074804 0 P 0
L 0.424252 1.3484252 0.455748 1.3484252 0 P 0
L 0.424252 1.4074804 0.455748 1.4074804 0 P 0
L 0.4488189 0.7592126 0.4488189 0.8182678 0 P 0
L 0.455748 1.3484252 0.455748 1.4074804 0 P 0
L 0.461811 0.8229922 0.461811 0.8544882 0 P 0
L 0.461811 0.8229922 0.5208662 0.8229922 0 P 0
L 0.461811 0.8544882 0.5208662 0.8544882 0 P 0
L 0.4657481 0.2125985 0.4657481 0.2440945 0 P 0
L 0.476378 0.6554724 0.476378 0.7145276 0 P 0
L 0.476378 0.6554724 0.507874 0.6554724 0 P 0
L 0.476378 0.7145276 0.507874 0.7145276 0 P 0
L 0.507874 0.6554724 0.507874 0.7145276 0 P 0
L 0.5208662 0.8229922 0.5208662 0.8544882 0 P 0
L 0.524252 1.3484252 0.524252 1.4074804 0 P 0
L 0.524252 1.3484252 0.555748 1.3484252 0 P 0
L 0.524252 1.4074804 0.555748 1.4074804 0 P 0
L 0.555748 1.3484252 0.555748 1.4074804 0 P 0
L 0.624252 1.3484252 0.624252 1.4074804 0 P 0
L 0.624252 1.3484252 0.655748 1.3484252 0 P 0
L 0.624252 1.4074804 0.655748 1.4074804 0 P 0
L 0.6397637 4.9251969 0.6397637 4.9566929 0 P 0
L 0.6397637 4.9251969 0.6988189 4.9251969 0 P 0
L 0.6397637 4.9566929 0.6988189 4.9566929 0 P 0
L 0.6397637 4.984252 0.6397637 5.015748 0 P 0
L 0.6397637 4.984252 0.6988189 4.984252 0 P 0
L 0.6397637 5.015748 0.6988189 5.015748 0 P 0
L 0.6429134 0.2125985 0.6429134 0.2440945 0 P 0
L 0.6429134 0.2125985 0.7019686 0.2125985 0 P 0
L 0.6429134 0.2440945 0.7019686 0.2440945 0 P 0
L 0.6535433 0.7592126 0.6535433 0.8182678 0 P 0
L 0.6535433 0.7592126 0.6850393 0.7592126 0 P 0
L 0.6535433 0.8182678 0.6850393 0.8182678 0 P 0
L 0.655748 1.3484252 0.655748 1.4074804 0 P 0
L 0.6850393 0.7592126 0.6850393 0.8182678 0 P 0
L 0.6980315 0.8229922 0.6980315 0.8544882 0 P 0
L 0.6980315 0.8229922 0.7570867 0.8229922 0 P 0
L 0.6980315 0.8544882 0.7570867 0.8544882 0 P 0
L 0.6988189 4.9251969 0.6988189 4.9566929 0 P 0
L 0.6988189 4.984252 0.6988189 5.015748 0 P 0
L 0.7019686 0.2125985 0.7019686 0.2440945 0 P 0
L 0.7023622 1.6035433 0.7023622 1.7035433 0 P 0
L 0.7023622 1.6035433 1.5023622 1.6035433 0 P 0
L 0.7023622 1.7035433 1.5023622 1.7035433 0 P 0
L 0.7125985 0.6554724 0.7125985 0.7145276 0 P 0
L 0.7125985 0.6554724 0.7440945 0.6554724 0 P 0
L 0.7125985 0.7145276 0.7440945 0.7145276 0 P 0
L 0.724252 1.3484252 0.724252 1.4074804 0 P 0
L 0.724252 1.3484252 0.755748 1.3484252 0 P 0
L 0.724252 1.4074804 0.755748 1.4074804 0 P 0
L 0.7307088 3.78937 0.7307088 3.8484252 0 P 0
L 0.7307088 3.78937 0.7622048 3.78937 0 P 0
L 0.7307088 3.8484252 0.7622048 3.8484252 0 P 0
L 0.7440945 0.6554724 0.7440945 0.7145276 0 P 0
L 0.755748 1.3484252 0.755748 1.4074804 0 P 0
L 0.7570867 0.8229922 0.7570867 0.8544882 0 P 0
L 0.7622048 3.78937 0.7622048 3.8484252 0 P 0
L 0.7692914 3.78937 0.7692914 3.8484252 0 P 0
L 0.7692914 3.78937 0.8007874 3.78937 0 P 0
L 0.7692914 3.8484252 0.8007874 3.8484252 0 P 0
L 0.8007874 3.78937 0.8007874 3.8484252 0 P 0
L 0.824252 1.3484252 0.824252 1.4074804 0 P 0
L 0.824252 1.3484252 0.855748 1.3484252 0 P 0
L 0.824252 1.4074804 0.855748 1.4074804 0 P 0
L 0.855748 1.3484252 0.855748 1.4074804 0 P 0
L 0.8791338 0.2125985 0.8791338 0.2440945 0 P 0
L 0.8791338 0.2125985 0.938189 0.2125985 0 P 0
L 0.8791338 0.2440945 0.938189 0.2440945 0 P 0
L 0.8897638 0.7592126 0.8897638 0.8182678 0 P 0
L 0.8897638 0.7592126 0.9212598 0.7592126 0 P 0
L 0.8897638 0.8182678 0.9212598 0.8182678 0 P 0
L 0.9173228 5.0654133 0.9173228 5.1244685 0 P 0
L 0.9173228 5.0654133 0.9488188 5.0654133 0 P 0
L 0.9173228 5.1244685 0.9488188 5.1244685 0 P 0
L 0.9212598 0.7592126 0.9212598 0.8182678 0 P 0
L 0.924252 1.3484252 0.924252 1.4074804 0 P 0
L 0.924252 1.3484252 0.955748 1.3484252 0 P 0
L 0.924252 1.4074804 0.955748 1.4074804 0 P 0
L 0.9342519 0.8229922 0.9342519 0.8544882 0 P 0
L 0.9342519 0.8229922 0.9933071 0.8229922 0 P 0
L 0.9342519 0.8544882 0.9933071 0.8544882 0 P 0
L 0.938189 0.2125985 0.938189 0.2440945 0 P 0
L 0.9488188 5.0654133 0.9488188 5.1244685 0 P 0
L 0.9488189 0.6554724 0.9488189 0.7145276 0 P 0
L 0.9488189 0.6554724 0.9803149 0.6554724 0 P 0
L 0.9488189 0.7145276 0.9803149 0.7145276 0 P 0
L 0.955748 1.3484252 0.955748 1.4074804 0 P 0
L 0.9625984 5.0654133 0.9625984 5.1244685 0 P 0
L 0.9625984 5.0654133 0.9940944 5.0654133 0 P 0
L 0.9625984 5.1244685 0.9940944 5.1244685 0 P 0
L 0.9803149 0.6554724 0.9803149 0.7145276 0 P 0
L 0.9933071 0.8229922 0.9933071 0.8544882 0 P 0
L 0.9940944 5.0654133 0.9940944 5.1244685 0 P 0
L 1.0078739 5.0654133 1.0078739 5.1244685 0 P 0
L 1.0078739 5.0654133 1.0393699 5.0654133 0 P 0
L 1.0078739 5.1244685 1.0393699 5.1244685 0 P 0
L 1.007874 3.4161418 1.007874 3.475197 0 P 0
L 1.007874 3.4161418 1.03937 3.4161418 0 P 0
L 1.007874 3.475197 1.03937 3.475197 0 P 0
L 1.0393699 5.0654133 1.0393699 5.1244685 0 P 0
L 1.03937 3.4161418 1.03937 3.475197 0 P 0
L 1.0858267 3.2519685 1.0858267 3.2834645 0 P 0
L 1.0858267 3.2519685 1.1448819 3.2519685 0 P 0
L 1.0858267 3.2834645 1.1448819 3.2834645 0 P 0
L 1.0858267 3.2913386 1.0858267 3.3228346 0 P 0
L 1.0858267 3.2913386 1.1448819 3.2913386 0 P 0
L 1.0858267 3.3228346 1.1448819 3.3228346 0 P 0
L 1.0984252 5.0654133 1.0984252 5.1244685 0 P 0
L 1.0984252 5.0654133 1.1299212 5.0654133 0 P 0
L 1.0984252 5.1244685 1.1299212 5.1244685 0 P 0
L 1.1153543 0.2125985 1.1153543 0.2440945 0 P 0
L 1.1153543 0.2125985 1.1744095 0.2125985 0 P 0
L 1.1153543 0.2440945 1.1744095 0.2440945 0 P 0
L 1.1259843 0.7592126 1.1259843 0.8182678 0 P 0
L 1.1259843 0.7592126 1.1574803 0.7592126 0 P 0
L 1.1259843 0.8182678 1.1574803 0.8182678 0 P 0
L 1.1299212 5.0654133 1.1299212 5.1244685 0 P 0
L 1.1448819 3.2519685 1.1448819 3.2834645 0 P 0
L 1.1448819 3.2913386 1.1448819 3.3228346 0 P 0
L 1.1574803 0.7592126 1.1574803 0.8182678 0 P 0
L 1.1704724 0.8229922 1.1704724 0.8544882 0 P 0
L 1.1704724 0.8229922 1.2295276 0.8229922 0 P 0
L 1.1704724 0.8544882 1.2295276 0.8544882 0 P 0
L 1.1744095 0.2125985 1.1744095 0.2440945 0 P 0
L 1.1850394 0.6554724 1.1850394 0.7145276 0 P 0
L 1.1850394 0.6554724 1.2165354 0.6554724 0 P 0
L 1.1850394 0.7145276 1.2165354 0.7145276 0 P 0
L 1.2165354 0.6554724 1.2165354 0.7145276 0 P 0
L 1.2295276 0.8229922 1.2295276 0.8544882 0 P 0
L 1.2484252 1.3484252 1.2484252 1.4074804 0 P 0
L 1.2484252 1.3484252 1.2799212 1.3484252 0 P 0
L 1.2484252 1.4074804 1.2799212 1.4074804 0 P 0
L 1.2799212 1.3484252 1.2799212 1.4074804 0 P 0
L 1.3484252 1.3484252 1.3484252 1.4074804 0 P 0
L 1.3484252 1.3484252 1.3799212 1.3484252 0 P 0
L 1.3484252 1.4074804 1.3799212 1.4074804 0 P 0
L 1.3515748 0.2125985 1.3515748 0.2440945 0 P 0
L 1.3515748 0.2125985 1.41063 0.2125985 0 P 0
L 1.3515748 0.2440945 1.41063 0.2440945 0 P 0
L 1.3622048 0.7592126 1.3622048 0.8182678 0 P 0
L 1.3622048 0.7592126 1.3937008 0.7592126 0 P 0
L 1.3622048 0.8182678 1.3937008 0.8182678 0 P 0
L 1.3799212 1.3484252 1.3799212 1.4074804 0 P 0
L 1.3937008 0.7592126 1.3937008 0.8182678 0 P 0
L 1.4066929 0.8229922 1.4066929 0.8544882 0 P 0
L 1.4066929 0.8229922 1.4657481 0.8229922 0 P 0
L 1.4066929 0.8544882 1.4657481 0.8544882 0 P 0
L 1.41063 0.2125985 1.41063 0.2440945 0 P 0
L 1.4212599 0.6554724 1.4212599 0.7145276 0 P 0
L 1.4212599 0.6554724 1.4527559 0.6554724 0 P 0
L 1.4212599 0.7145276 1.4527559 0.7145276 0 P 0
L 1.4484252 1.3484252 1.4484252 1.4074804 0 P 0
L 1.4484252 1.3484252 1.4799212 1.3484252 0 P 0
L 1.4484252 1.4074804 1.4799212 1.4074804 0 P 0
L 1.4527559 0.6554724 1.4527559 0.7145276 0 P 0
L 1.4657481 0.8229922 1.4657481 0.8544882 0 P 0
L 1.4799212 1.3484252 1.4799212 1.4074804 0 P 0
L 1.5023622 1.6035433 1.5023622 1.7035433 0 P 0
L 1.5484252 1.3484252 1.5484252 1.4074804 0 P 0
L 1.5484252 1.3484252 1.5799212 1.3484252 0 P 0
L 1.5484252 1.4074804 1.5799212 1.4074804 0 P 0
L 1.5799212 1.3484252 1.5799212 1.4074804 0 P 0
L 1.5877952 0.2125985 1.5877952 0.2440945 0 P 0
L 1.5877952 0.2125985 1.6468504 0.2125985 0 P 0
L 1.5877952 0.2440945 1.6468504 0.2440945 0 P 0
L 1.5984252 0.7592126 1.5984252 0.8182678 0 P 0
L 1.5984252 0.7592126 1.6299212 0.7592126 0 P 0
L 1.5984252 0.8182678 1.6299212 0.8182678 0 P 0
L 1.6299212 0.7592126 1.6299212 0.8182678 0 P 0
L 1.6429133 0.8229922 1.6429133 0.8544882 0 P 0
L 1.6429133 0.8229922 1.7019685 0.8229922 0 P 0
L 1.6429133 0.8544882 1.7019685 0.8544882 0 P 0
L 1.6468504 0.2125985 1.6468504 0.2440945 0 P 0
L 1.6472442 5.1468505 1.6472442 5.2468505 0 P 0
L 1.6472442 5.1468505 2.4472442 5.1468505 0 P 0
L 1.6472442 5.2468505 2.4472442 5.2468505 0 P 0
L 1.6484252 1.3484252 1.6484252 1.4074804 0 P 0
L 1.6484252 1.3484252 1.6799212 1.3484252 0 P 0
L 1.6484252 1.4074804 1.6799212 1.4074804 0 P 0
L 1.6574803 0.6554724 1.6574803 0.7145276 0 P 0
L 1.6574803 0.6554724 1.6889763 0.6554724 0 P 0
L 1.6574803 0.7145276 1.6889763 0.7145276 0 P 0
L 1.6677166 5.2661812 1.6677166 5.2976772 0 P 0
L 1.6677166 5.2661812 1.7267718 5.2661812 0 P 0
L 1.6677166 5.2976772 1.7267718 5.2976772 0 P 0
L 1.6677166 5.3661812 1.6677166 5.3976772 0 P 0
L 1.6677166 5.3661812 1.7267718 5.3661812 0 P 0
L 1.6677166 5.3976772 1.7267718 5.3976772 0 P 0
L 1.668504 5.0826773 1.668504 5.1141733 0 P 0
L 1.668504 5.0826773 1.7275592 5.0826773 0 P 0
L 1.668504 5.1141733 1.7275592 5.1141733 0 P 0
L 1.6799212 1.3484252 1.6799212 1.4074804 0 P 0
L 1.6889763 0.6554724 1.6889763 0.7145276 0 P 0
L 1.7019685 0.8229922 1.7019685 0.8544882 0 P 0
L 1.7267718 5.2661812 1.7267718 5.2976772 0 P 0
L 1.7267718 5.3661812 1.7267718 5.3976772 0 P 0
L 1.7275592 5.0826773 1.7275592 5.1141733 0 P 0
L 1.7484252 1.3484252 1.7484252 1.4074804 0 P 0
L 1.7484252 1.3484252 1.7799212 1.3484252 0 P 0
L 1.7484252 1.4074804 1.7799212 1.4074804 0 P 0
L 1.7559055 3.3397638 1.7559055 3.398819 0 P 0
L 1.7559055 3.3397638 1.7874015 3.3397638 0 P 0
L 1.7559055 3.398819 1.7874015 3.398819 0 P 0
L 1.7677166 5.2661812 1.7677166 5.2976772 0 P 0
L 1.7677166 5.2661812 1.8267718 5.2661812 0 P 0
L 1.7677166 5.2976772 1.8267718 5.2976772 0 P 0
L 1.7677166 5.3661812 1.7677166 5.3976772 0 P 0
L 1.7677166 5.3661812 1.8267718 5.3661812 0 P 0
L 1.7677166 5.3976772 1.8267718 5.3976772 0 P 0
L 1.768504 5.0826773 1.768504 5.1141733 0 P 0
L 1.768504 5.0826773 1.8275592 5.0826773 0 P 0
L 1.768504 5.1141733 1.8275592 5.1141733 0 P 0
L 1.7799212 1.3484252 1.7799212 1.4074804 0 P 0
L 1.7874015 3.3397638 1.7874015 3.398819 0 P 0
L 1.7937009 2.8054724 1.7937009 2.8645276 0 P 0
L 1.7937009 2.8054724 1.8251969 2.8054724 0 P 0
L 1.7937009 2.8645276 1.8251969 2.8645276 0 P 0
L 1.7952756 3.3397638 1.7952756 3.398819 0 P 0
L 1.7952756 3.3397638 1.8267716 3.3397638 0 P 0
L 1.7952756 3.398819 1.8267716 3.398819 0 P 0
L 1.8240157 0.2125985 1.8240157 0.2440945 0 P 0
L 1.8240157 0.2125985 1.8830709 0.2125985 0 P 0
L 1.8240157 0.2440945 1.8830709 0.2440945 0 P 0
L 1.8251969 2.8054724 1.8251969 2.8645276 0 P 0
L 1.8267716 3.3397638 1.8267716 3.398819 0 P 0
L 1.8267718 5.2661812 1.8267718 5.2976772 0 P 0
L 1.8267718 5.3661812 1.8267718 5.3976772 0 P 0
L 1.8275592 5.0826773 1.8275592 5.1141733 0 P 0
L 1.8322835 2.8054724 1.8322835 2.8645276 0 P 0
L 1.8322835 2.8054724 1.8637795 2.8054724 0 P 0
L 1.8322835 2.8645276 1.8637795 2.8645276 0 P 0
L 1.8346457 0.7592126 1.8346457 0.8182678 0 P 0
L 1.8346457 0.7592126 1.8661417 0.7592126 0 P 0
L 1.8346457 0.8182678 1.8661417 0.8182678 0 P 0
L 1.8346457 3.8279527 1.8346457 3.8870079 0 P 0
L 1.8346457 3.8279527 1.8661417 3.8279527 0 P 0
L 1.8346457 3.8870079 1.8661417 3.8870079 0 P 0
L 1.8346457 4.0649606 1.8346457 4.1240158 0 P 0
L 1.8346457 4.0649606 1.8661417 4.0649606 0 P 0
L 1.8346457 4.1240158 1.8661417 4.1240158 0 P 0
L 1.8484252 1.3484252 1.8484252 1.4074804 0 P 0
L 1.8484252 1.3484252 1.8799212 1.3484252 0 P 0
L 1.8484252 1.4074804 1.8799212 1.4074804 0 P 0
L 1.8637795 2.8054724 1.8637795 2.8645276 0 P 0
L 1.8661417 0.7592126 1.8661417 0.8182678 0 P 0
L 1.8661417 3.8279527 1.8661417 3.8870079 0 P 0
L 1.8661417 4.0649606 1.8661417 4.1240158 0 P 0
L 1.8677166 5.2661812 1.8677166 5.2976772 0 P 0
L 1.8677166 5.2661812 1.9267718 5.2661812 0 P 0
L 1.8677166 5.2976772 1.9267718 5.2976772 0 P 0
L 1.8677166 5.3661811 1.8677166 5.3976771 0 P 0
L 1.8677166 5.3661811 1.9267718 5.3661811 0 P 0
L 1.8677166 5.3976771 1.9267718 5.3976771 0 P 0
L 1.868504 5.0826773 1.868504 5.1141733 0 P 0
L 1.868504 5.0826773 1.9275592 5.0826773 0 P 0
L 1.868504 5.1141733 1.9275592 5.1141733 0 P 0
L 1.8791338 0.8229922 1.8791338 0.8544882 0 P 0
L 1.8791338 0.8229922 1.938189 0.8229922 0 P 0
L 1.8791338 0.8544882 1.938189 0.8544882 0 P 0
L 1.8799212 1.3484252 1.8799212 1.4074804 0 P 0
L 1.8830709 0.2125985 1.8830709 0.2440945 0 P 0
L 1.8937008 0.6554724 1.8937008 0.7145276 0 P 0
L 1.8937008 0.6554724 1.9251968 0.6554724 0 P 0
L 1.8937008 0.7145276 1.9251968 0.7145276 0 P 0
L 1.9251968 0.6554724 1.9251968 0.7145276 0 P 0
L 1.9267718 5.2661812 1.9267718 5.2976772 0 P 0
L 1.9267718 5.3661811 1.9267718 5.3976771 0 P 0
L 1.9275592 5.0826773 1.9275592 5.1141733 0 P 0
L 1.938189 0.8229922 1.938189 0.8544882 0 P 0
L 1.9484252 1.3484252 1.9484252 1.4074804 0 P 0
L 1.9484252 1.3484252 1.9799212 1.3484252 0 P 0
L 1.9484252 1.4074804 1.9799212 1.4074804 0 P 0
L 1.9677166 5.2661812 1.9677166 5.2976772 0 P 0
L 1.9677166 5.2661812 2.0267718 5.2661812 0 P 0
L 1.9677166 5.2976772 2.0267718 5.2976772 0 P 0
L 1.9677166 5.3661811 1.9677166 5.3976771 0 P 0
L 1.9677166 5.3661811 2.0267718 5.3661811 0 P 0
L 1.9677166 5.3976771 2.0267718 5.3976771 0 P 0
L 1.968504 5.0826773 1.968504 5.1141733 0 P 0
L 1.968504 5.0826773 2.0275592 5.0826773 0 P 0
L 1.968504 5.1141733 2.0275592 5.1141733 0 P 0
L 1.9799212 1.3484252 1.9799212 1.4074804 0 P 0
L 1.992126 3.8287401 1.992126 3.8877953 0 P 0
L 1.992126 3.8287401 2.023622 3.8287401 0 P 0
L 1.992126 3.8877953 2.023622 3.8877953 0 P 0
L 1.992126 4.0649606 1.992126 4.1240158 0 P 0
L 1.992126 4.0649606 2.023622 4.0649606 0 P 0
L 1.992126 4.1240158 2.023622 4.1240158 0 P 0
L 10.0129952 0.2125985 10.0129952 0.2440945 0 P 0
L 10.0129952 0.2125985 10.0720504 0.2125985 0 P 0
L 10.0129952 0.2440945 10.0720504 0.2440945 0 P 0
L 10.0236221 0.7592126 10.0236221 0.8182678 0 P 0
L 10.0236221 0.7592126 10.0551181 0.7592126 0 P 0
L 10.0236221 0.8182678 10.0551181 0.8182678 0 P 0
L 10.0374016 1.3484252 10.0374016 1.4074804 0 P 0
L 10.0374016 1.3484252 10.0688976 1.3484252 0 P 0
L 10.0374016 1.4074804 10.0688976 1.4074804 0 P 0
L 10.0551181 0.7592126 10.0551181 0.8182678 0 P 0
L 10.0681102 0.8229922 10.0681102 0.8544882 0 P 0
L 10.0681102 0.8229922 10.1271654 0.8229922 0 P 0
L 10.0681102 0.8544882 10.1271654 0.8544882 0 P 0
L 10.0688976 1.3484252 10.0688976 1.4074804 0 P 0
L 10.0720504 0.2125985 10.0720504 0.2440945 0 P 0
L 10.0826772 0.6554724 10.0826772 0.7145276 0 P 0
L 10.0826772 0.6554724 10.1141732 0.6554724 0 P 0
L 10.0826772 0.7145276 10.1141732 0.7145276 0 P 0
L 10.1031496 5.1468505 10.1031496 5.2468505 0 P 0
L 10.1141732 0.6554724 10.1141732 0.7145276 0 P 0
L 10.1271654 0.8229922 10.1271654 0.8544882 0 P 0
L 10.1374016 1.3484252 10.1374016 1.4074804 0 P 0
L 10.1374016 1.3484252 10.1688976 1.3484252 0 P 0
L 10.1374016 1.4074804 10.1688976 1.4074804 0 P 0
L 10.1688976 1.3484252 10.1688976 1.4074804 0 P 0
L 2.023622 3.8287401 2.023622 3.8877953 0 P 0
L 2.023622 4.0649606 2.023622 4.1240158 0 P 0
L 2.0267718 5.2661812 2.0267718 5.2976772 0 P 0
L 2.0267718 5.3661811 2.0267718 5.3976771 0 P 0
L 2.0275592 5.0826773 2.0275592 5.1141733 0 P 0
L 2.0677166 5.2661812 2.0677166 5.2976772 0 P 0
L 2.0677166 5.2661812 2.1267718 5.2661812 0 P 0
L 2.0677166 5.2976772 2.1267718 5.2976772 0 P 0
L 2.0677166 5.3661811 2.0677166 5.3976771 0 P 0
L 2.0677166 5.3661811 2.1267718 5.3661811 0 P 0
L 2.0677166 5.3976771 2.1267718 5.3976771 0 P 0
L 2.068504 5.0826773 2.068504 5.1141733 0 P 0
L 2.068504 5.0826773 2.1275592 5.0826773 0 P 0
L 2.068504 5.1141733 2.1275592 5.1141733 0 P 0
L 2.1267718 5.2661812 2.1267718 5.2976772 0 P 0
L 2.1267718 5.3661811 2.1267718 5.3976771 0 P 0
L 2.1275592 5.0826773 2.1275592 5.1141733 0 P 0
L 2.1677166 5.2661812 2.1677166 5.2976772 0 P 0
L 2.1677166 5.2661812 2.2267718 5.2661812 0 P 0
L 2.1677166 5.2976772 2.2267718 5.2976772 0 P 0
L 2.1677166 5.3661811 2.1677166 5.3976771 0 P 0
L 2.1677166 5.3661811 2.2267718 5.3661811 0 P 0
L 2.1677166 5.3976771 2.2267718 5.3976771 0 P 0
L 2.168504 5.0826773 2.168504 5.1141733 0 P 0
L 2.168504 5.0826773 2.2275592 5.0826773 0 P 0
L 2.168504 5.1141733 2.2275592 5.1141733 0 P 0
L 2.2177196 0.2125985 2.2177196 0.2440945 0 P 0
L 2.2177196 0.2125985 2.2767748 0.2125985 0 P 0
L 2.2177196 0.2440945 2.2767748 0.2440945 0 P 0
L 2.2267718 5.2661812 2.2267718 5.2976772 0 P 0
L 2.2267718 5.3661811 2.2267718 5.3976771 0 P 0
L 2.2275592 5.0826773 2.2275592 5.1141733 0 P 0
L 2.2283465 0.7592126 2.2283465 0.8182678 0 P 0
L 2.2283465 0.7592126 2.2598425 0.7592126 0 P 0
L 2.2283465 0.8182678 2.2598425 0.8182678 0 P 0
L 2.2598425 0.7592126 2.2598425 0.8182678 0 P 0
L 2.2677166 5.2661812 2.2677166 5.2976772 0 P 0
L 2.2677166 5.2661812 2.3267718 5.2661812 0 P 0
L 2.2677166 5.2976772 2.3267718 5.2976772 0 P 0
L 2.268504 5.0826773 2.268504 5.1141733 0 P 0
L 2.268504 5.0826773 2.3275592 5.0826773 0 P 0
L 2.268504 5.1141733 2.3275592 5.1141733 0 P 0
L 2.2720473 1.3484252 2.2720473 1.4074804 0 P 0
L 2.2720473 1.3484252 2.3035433 1.3484252 0 P 0
L 2.2720473 1.4074804 2.3035433 1.4074804 0 P 0
L 2.2728346 0.8229922 2.2728346 0.8544882 0 P 0
L 2.2728346 0.8229922 2.3318898 0.8229922 0 P 0
L 2.2728346 0.8544882 2.3318898 0.8544882 0 P 0
L 2.2767748 0.2125985 2.2767748 0.2440945 0 P 0
L 2.2874016 0.6554724 2.2874016 0.7145276 0 P 0
L 2.2874016 0.6554724 2.3188976 0.6554724 0 P 0
L 2.2874016 0.7145276 2.3188976 0.7145276 0 P 0
L 2.3035433 1.3484252 2.3035433 1.4074804 0 P 0
L 2.3188976 0.6554724 2.3188976 0.7145276 0 P 0
L 2.3267718 5.2661812 2.3267718 5.2976772 0 P 0
L 2.3275592 5.0826773 2.3275592 5.1141733 0 P 0
L 2.3318898 0.8229922 2.3318898 0.8544882 0 P 0
L 2.3720473 1.3484252 2.3720473 1.4074804 0 P 0
L 2.3720473 1.3484252 2.4035433 1.3484252 0 P 0
L 2.3720473 1.4074804 2.4035433 1.4074804 0 P 0
L 2.4035433 1.3484252 2.4035433 1.4074804 0 P 0
L 2.4472442 5.1468505 2.4472442 5.2468505 0 P 0
L 2.4539401 0.2125985 2.4539401 0.2440945 0 P 0
L 2.4539401 0.2125985 2.5129953 0.2125985 0 P 0
L 2.4539401 0.2440945 2.5129953 0.2440945 0 P 0
L 2.464567 0.7592126 2.464567 0.8182678 0 P 0
L 2.464567 0.7592126 2.496063 0.7592126 0 P 0
L 2.464567 0.8182678 2.496063 0.8182678 0 P 0
L 2.4720473 1.3484252 2.4720473 1.4074804 0 P 0
L 2.4720473 1.3484252 2.5035433 1.3484252 0 P 0
L 2.4720473 1.4074804 2.5035433 1.4074804 0 P 0
L 2.496063 0.7592126 2.496063 0.8182678 0 P 0
L 2.5035433 1.3484252 2.5035433 1.4074804 0 P 0
L 2.5090551 0.8229922 2.5090551 0.8544882 0 P 0
L 2.5090551 0.8229922 2.5681103 0.8229922 0 P 0
L 2.5090551 0.8544882 2.5681103 0.8544882 0 P 0
L 2.5129953 0.2125985 2.5129953 0.2440945 0 P 0
L 2.5236221 0.6554724 2.5236221 0.7145276 0 P 0
L 2.5236221 0.6554724 2.5551181 0.6554724 0 P 0
L 2.5236221 0.7145276 2.5551181 0.7145276 0 P 0
L 2.5551181 0.6554724 2.5551181 0.7145276 0 P 0
L 2.5681103 0.8229922 2.5681103 0.8544882 0 P 0
L 2.5720473 1.3484252 2.5720473 1.4074804 0 P 0
L 2.5720473 1.3484252 2.6035433 1.3484252 0 P 0
L 2.5720473 1.4074804 2.6035433 1.4074804 0 P 0
L 2.6035433 1.3484252 2.6035433 1.4074804 0 P 0
L 2.6720473 1.3484252 2.6720473 1.4074804 0 P 0
L 2.6720473 1.3484252 2.7035433 1.3484252 0 P 0
L 2.6720473 1.4074804 2.7035433 1.4074804 0 P 0
L 2.6901606 0.2125985 2.6901606 0.2440945 0 P 0
L 2.6901606 0.2125985 2.7492158 0.2125985 0 P 0
L 2.6901606 0.2440945 2.7492158 0.2440945 0 P 0
L 2.7007874 0.7592126 2.7007874 0.8182678 0 P 0
L 2.7007874 0.7592126 2.7322834 0.7592126 0 P 0
L 2.7007874 0.8182678 2.7322834 0.8182678 0 P 0
L 2.7035433 1.3484252 2.7035433 1.4074804 0 P 0
L 2.7322834 0.7592126 2.7322834 0.8182678 0 P 0
L 2.7452755 0.8229922 2.7452755 0.8544882 0 P 0
L 2.7452755 0.8229922 2.8043307 0.8229922 0 P 0
L 2.7452755 0.8544882 2.8043307 0.8544882 0 P 0
L 2.7492158 0.2125985 2.7492158 0.2440945 0 P 0
L 2.7496063 1.6035433 2.7496063 1.7035433 0 P 0
L 2.7496063 1.6035433 3.5496063 1.6035433 0 P 0
L 2.7496063 1.7035433 3.5496063 1.7035433 0 P 0
L 2.7598425 0.6554724 2.7598425 0.7145276 0 P 0
L 2.7598425 0.6554724 2.7913385 0.6554724 0 P 0
L 2.7598425 0.7145276 2.7913385 0.7145276 0 P 0
L 2.7634961 5.3235747 2.7634961 5.5265747 0 P 0
L 2.7634961 5.3235747 3.2974961 5.3235747 0 P 0
L 2.7634961 5.5265747 3.2974961 5.5265747 0 P 0
L 2.7720473 1.3484252 2.7720473 1.4074804 0 P 0
L 2.7720473 1.3484252 2.8035433 1.3484252 0 P 0
L 2.7720473 1.4074804 2.8035433 1.4074804 0 P 0
L 2.7913385 0.6554724 2.7913385 0.7145276 0 P 0
L 2.8035433 1.3484252 2.8035433 1.4074804 0 P 0
L 2.8043307 0.8229922 2.8043307 0.8544882 0 P 0
L 2.8720473 1.3484252 2.8720473 1.4074804 0 P 0
L 2.8720473 1.3484252 2.9035433 1.3484252 0 P 0
L 2.8720473 1.4074804 2.9035433 1.4074804 0 P 0
L 2.8921418 5.1673229 2.8921418 5.2263781 0 P 0
L 2.8921418 5.1673229 2.9236378 5.1673229 0 P 0
L 2.8921418 5.2263781 2.9236378 5.2263781 0 P 0
L 2.9035433 1.3484252 2.9035433 1.4074804 0 P 0
L 2.9236378 5.1673229 2.9236378 5.2263781 0 P 0
L 2.926381 0.2125985 2.926381 0.2440945 0 P 0
L 2.926381 0.2125985 2.9854362 0.2125985 0 P 0
L 2.926381 0.2440945 2.9854362 0.2440945 0 P 0
L 2.9370079 0.7592126 2.9370079 0.8182678 0 P 0
L 2.9370079 0.7592126 2.9685039 0.7592126 0 P 0
L 2.9370079 0.8182678 2.9685039 0.8182678 0 P 0
L 2.9413544 5.1673229 2.9413544 5.2263781 0 P 0
L 2.9413544 5.1673229 2.9728504 5.1673229 0 P 0
L 2.9413544 5.2263781 2.9728504 5.2263781 0 P 0
L 2.9685039 0.7592126 2.9685039 0.8182678 0 P 0
L 2.9720473 1.3484252 2.9720473 1.4074804 0 P 0
L 2.9720473 1.3484252 3.0035433 1.3484252 0 P 0
L 2.9720473 1.4074804 3.0035433 1.4074804 0 P 0
L 2.9728504 5.1673229 2.9728504 5.2263781 0 P 0
L 2.981496 0.8229922 2.981496 0.8544882 0 P 0
L 2.981496 0.8229922 3.0405512 0.8229922 0 P 0
L 2.981496 0.8544882 3.0405512 0.8544882 0 P 0
L 2.9854362 0.2125985 2.9854362 0.2440945 0 P 0
L 2.990567 5.1673229 2.990567 5.2263781 0 P 0
L 2.990567 5.1673229 3.022063 5.1673229 0 P 0
L 2.990567 5.2263781 3.022063 5.2263781 0 P 0
L 2.996063 0.6554724 2.996063 0.7145276 0 P 0
L 2.996063 0.6554724 3.027559 0.6554724 0 P 0
L 2.996063 0.7145276 3.027559 0.7145276 0 P 0
L 3.0035433 1.3484252 3.0035433 1.4074804 0 P 0
L 3.022063 5.1673229 3.022063 5.2263781 0 P 0
L 3.027559 0.6554724 3.027559 0.7145276 0 P 0
L 3.0397796 5.1665355 3.0397796 5.2255907 0 P 0
L 3.0397796 5.1665355 3.0712756 5.1665355 0 P 0
L 3.0397796 5.2255907 3.0712756 5.2255907 0 P 0
L 3.0405512 0.8229922 3.0405512 0.8544882 0 P 0
L 3.0712756 5.1665355 3.0712756 5.2255907 0 P 0
L 3.1626015 0.2125985 3.1626015 0.2440945 0 P 0
L 3.1626015 0.2125985 3.2216567 0.2125985 0 P 0
L 3.1626015 0.2440945 3.2216567 0.2440945 0 P 0
L 3.1732284 0.7592126 3.1732284 0.8182678 0 P 0
L 3.1732284 0.7592126 3.2047244 0.7592126 0 P 0
L 3.1732284 0.8182678 3.2047244 0.8182678 0 P 0
L 3.2047244 0.7592126 3.2047244 0.8182678 0 P 0
L 3.2177165 0.8229922 3.2177165 0.8544882 0 P 0
L 3.2177165 0.8229922 3.2767717 0.8229922 0 P 0
L 3.2177165 0.8544882 3.2767717 0.8544882 0 P 0
L 3.2216567 0.2125985 3.2216567 0.2440945 0 P 0
L 3.2322835 0.6554724 3.2322835 0.7145276 0 P 0
L 3.2322835 0.6554724 3.2637795 0.6554724 0 P 0
L 3.2322835 0.7145276 3.2637795 0.7145276 0 P 0
L 3.2637795 0.6554724 3.2637795 0.7145276 0 P 0
L 3.2767717 0.8229922 3.2767717 0.8544882 0 P 0
L 3.2956693 1.3484252 3.2956693 1.4074804 0 P 0
L 3.2956693 1.3484252 3.3271653 1.3484252 0 P 0
L 3.2956693 1.4074804 3.3271653 1.4074804 0 P 0
L 3.2974961 5.3235747 3.2974961 5.5265747 0 P 0
L 3.3271653 1.3484252 3.3271653 1.4074804 0 P 0
L 3.3956693 1.3484252 3.3956693 1.4074804 0 P 0
L 3.3956693 1.3484252 3.4271653 1.3484252 0 P 0
L 3.3956693 1.4074804 3.4271653 1.4074804 0 P 0
L 3.398822 0.2125985 3.398822 0.2440945 0 P 0
L 3.398822 0.2125985 3.4578772 0.2125985 0 P 0
L 3.398822 0.2440945 3.4578772 0.2440945 0 P 0
L 3.4094489 0.7592126 3.4094489 0.8182678 0 P 0
L 3.4094489 0.7592126 3.4409449 0.7592126 0 P 0
L 3.4094489 0.8182678 3.4409449 0.8182678 0 P 0
L 3.4271653 1.3484252 3.4271653 1.4074804 0 P 0
L 3.4409449 0.7592126 3.4409449 0.8182678 0 P 0
L 3.453937 0.8229922 3.453937 0.8544882 0 P 0
L 3.453937 0.8229922 3.5129922 0.8229922 0 P 0
L 3.453937 0.8544882 3.5129922 0.8544882 0 P 0
L 3.4578772 0.2125985 3.4578772 0.2440945 0 P 0
L 3.468504 0.6554724 3.468504 0.7145276 0 P 0
L 3.468504 0.6554724 3.5 0.6554724 0 P 0
L 3.468504 0.7145276 3.5 0.7145276 0 P 0
L 3.4956693 1.3484252 3.4956693 1.4074804 0 P 0
L 3.4956693 1.3484252 3.5271653 1.3484252 0 P 0
L 3.4956693 1.4074804 3.5271653 1.4074804 0 P 0
L 3.5 0.6554724 3.5 0.7145276 0 P 0
L 3.5129922 0.8229922 3.5129922 0.8544882 0 P 0
L 3.5271653 1.3484252 3.5271653 1.4074804 0 P 0
L 3.5496063 1.6035433 3.5496063 1.7035433 0 P 0
L 3.5956693 1.3484252 3.5956693 1.4074804 0 P 0
L 3.5956693 1.3484252 3.6271653 1.3484252 0 P 0
L 3.5956693 1.4074804 3.6271653 1.4074804 0 P 0
L 3.6271653 1.3484252 3.6271653 1.4074804 0 P 0
L 3.6296378 5.3235747 3.6296378 5.5265747 0 P 0
L 3.6296378 5.3235747 4.1636378 5.3235747 0 P 0
L 3.6296378 5.5265747 4.1636378 5.5265747 0 P 0
L 3.6350424 0.2125985 3.6350424 0.2440945 0 P 0
L 3.6350424 0.2125985 3.6940976 0.2125985 0 P 0
L 3.6350424 0.2440945 3.6940976 0.2440945 0 P 0
L 3.6456693 0.7592126 3.6456693 0.8182678 0 P 0
L 3.6456693 0.7592126 3.6771653 0.7592126 0 P 0
L 3.6456693 0.8182678 3.6771653 0.8182678 0 P 0
L 3.6771653 0.7592126 3.6771653 0.8182678 0 P 0
L 3.6901575 0.8229922 3.6901575 0.8544882 0 P 0
L 3.6901575 0.8229922 3.7492127 0.8229922 0 P 0
L 3.6901575 0.8544882 3.7492127 0.8544882 0 P 0
L 3.6940976 0.2125985 3.6940976 0.2440945 0 P 0
L 3.6956693 1.3484252 3.6956693 1.4074804 0 P 0
L 3.6956693 1.3484252 3.7271653 1.3484252 0 P 0
L 3.6956693 1.4074804 3.7271653 1.4074804 0 P 0
L 3.7047245 0.6554724 3.7047245 0.7145276 0 P 0
L 3.7047245 0.6554724 3.7362205 0.6554724 0 P 0
L 3.7047245 0.7145276 3.7362205 0.7145276 0 P 0
L 3.7271653 1.3484252 3.7271653 1.4074804 0 P 0
L 3.7362205 0.6554724 3.7362205 0.7145276 0 P 0
L 3.7492127 0.8229922 3.7492127 0.8544882 0 P 0
L 3.7582835 5.1673229 3.7582835 5.2263781 0 P 0
L 3.7582835 5.1673229 3.7897795 5.1673229 0 P 0
L 3.7582835 5.2263781 3.7897795 5.2263781 0 P 0
L 3.7897795 5.1673229 3.7897795 5.2263781 0 P 0
L 3.7956693 1.3484252 3.7956693 1.4074804 0 P 0
L 3.7956693 1.3484252 3.8271653 1.3484252 0 P 0
L 3.7956693 1.4074804 3.8271653 1.4074804 0 P 0
L 3.8074961 5.1673229 3.8074961 5.2263781 0 P 0
L 3.8074961 5.1673229 3.8389921 5.1673229 0 P 0
L 3.8074961 5.2263781 3.8389921 5.2263781 0 P 0
L 3.8271653 1.3484252 3.8271653 1.4074804 0 P 0
L 3.8389921 5.1673229 3.8389921 5.2263781 0 P 0
L 3.8567087 5.1673229 3.8567087 5.2263781 0 P 0
L 3.8567087 5.1673229 3.8882047 5.1673229 0 P 0
L 3.8567087 5.2263781 3.8882047 5.2263781 0 P 0
L 3.8712629 0.2125985 3.8712629 0.2440945 0 P 0
L 3.8712629 0.2125985 3.9303181 0.2125985 0 P 0
L 3.8712629 0.2440945 3.9303181 0.2440945 0 P 0
L 3.8818898 0.7592126 3.8818898 0.8182678 0 P 0
L 3.8818898 0.7592126 3.9133858 0.7592126 0 P 0
L 3.8818898 0.8182678 3.9133858 0.8182678 0 P 0
L 3.8882047 5.1673229 3.8882047 5.2263781 0 P 0
L 3.8956693 1.3484252 3.8956693 1.4074804 0 P 0
L 3.8956693 1.3484252 3.9271653 1.3484252 0 P 0
L 3.8956693 1.4074804 3.9271653 1.4074804 0 P 0
L 3.9059213 5.1665355 3.9059213 5.2255907 0 P 0
L 3.9059213 5.1665355 3.9374173 5.1665355 0 P 0
L 3.9059213 5.2255907 3.9374173 5.2255907 0 P 0
L 3.9133858 0.7592126 3.9133858 0.8182678 0 P 0
L 3.9263779 0.8229922 3.9263779 0.8544882 0 P 0
L 3.9263779 0.8229922 3.9854331 0.8229922 0 P 0
L 3.9263779 0.8544882 3.9854331 0.8544882 0 P 0
L 3.9271653 1.3484252 3.9271653 1.4074804 0 P 0
L 3.9303181 0.2125985 3.9303181 0.2440945 0 P 0
L 3.9374173 5.1665355 3.9374173 5.2255907 0 P 0
L 3.9409449 0.6554724 3.9409449 0.7145276 0 P 0
L 3.9409449 0.6554724 3.9724409 0.6554724 0 P 0
L 3.9409449 0.7145276 3.9724409 0.7145276 0 P 0
L 3.9724409 0.6554724 3.9724409 0.7145276 0 P 0
L 3.9854331 0.8229922 3.9854331 0.8544882 0 P 0
L 3.9956693 1.3484252 3.9956693 1.4074804 0 P 0
L 3.9956693 1.3484252 4.0271653 1.3484252 0 P 0
L 3.9956693 1.4074804 4.0271653 1.4074804 0 P 0
L 4.0271653 1.3484252 4.0271653 1.4074804 0 P 0
L 4.1636378 5.3235747 4.1636378 5.5265747 0 P 0
L 4.2649637 0.2125985 4.2649637 0.2440945 0 P 0
L 4.2649637 0.2125985 4.3240189 0.2125985 0 P 0
L 4.2649637 0.2440945 4.3240189 0.2440945 0 P 0
L 4.2755906 0.7592126 4.2755906 0.8182678 0 P 0
L 4.2755906 0.7592126 4.3070866 0.7592126 0 P 0
L 4.2755906 0.8182678 4.3070866 0.8182678 0 P 0
L 4.3070866 0.7592126 4.3070866 0.8182678 0 P 0
L 4.3192914 1.3484252 4.3192914 1.4074804 0 P 0
L 4.3192914 1.3484252 4.3507874 1.3484252 0 P 0
L 4.3192914 1.4074804 4.3507874 1.4074804 0 P 0
L 4.3200787 0.8229922 4.3200787 0.8544882 0 P 0
L 4.3200787 0.8229922 4.3791339 0.8229922 0 P 0
L 4.3200787 0.8544882 4.3791339 0.8544882 0 P 0
L 4.3240189 0.2125985 4.3240189 0.2440945 0 P 0
L 4.3346457 0.6554724 4.3346457 0.7145276 0 P 0
L 4.3346457 0.6554724 4.3661417 0.6554724 0 P 0
L 4.3346457 0.7145276 4.3661417 0.7145276 0 P 0
L 4.3507874 1.3484252 4.3507874 1.4074804 0 P 0
L 4.3661417 0.6554724 4.3661417 0.7145276 0 P 0
L 4.3791339 0.8229922 4.3791339 0.8544882 0 P 0
L 4.4192914 1.3484252 4.4192914 1.4074804 0 P 0
L 4.4192914 1.3484252 4.4507874 1.3484252 0 P 0
L 4.4192914 1.4074804 4.4507874 1.4074804 0 P 0
L 4.4507874 1.3484252 4.4507874 1.4074804 0 P 0
L 4.4818898 5.1468505 4.4818898 5.2468505 0 P 0
L 4.4818898 5.1468505 5.2818898 5.1468505 0 P 0
L 4.4818898 5.2468505 5.2818898 5.2468505 0 P 0
L 4.5011842 0.2125985 4.5011842 0.2440945 0 P 0
L 4.5011842 0.2125985 4.5602394 0.2125985 0 P 0
L 4.5011842 0.2440945 4.5602394 0.2440945 0 P 0
L 4.511811 0.7592126 4.511811 0.8182678 0 P 0
L 4.511811 0.7592126 4.543307 0.7592126 0 P 0
L 4.511811 0.8182678 4.543307 0.8182678 0 P 0
L 4.5192914 1.3484252 4.5192914 1.4074804 0 P 0
L 4.5192914 1.3484252 4.5507874 1.3484252 0 P 0
L 4.5192914 1.4074804 4.5507874 1.4074804 0 P 0
L 4.543307 0.7592126 4.543307 0.8182678 0 P 0
L 4.5507874 1.3484252 4.5507874 1.4074804 0 P 0
L 4.5562992 0.8229922 4.5562992 0.8544882 0 P 0
L 4.5562992 0.8229922 4.6153544 0.8229922 0 P 0
L 4.5562992 0.8544882 4.6153544 0.8544882 0 P 0
L 4.5602394 0.2125985 4.5602394 0.2440945 0 P 0
L 4.5708662 0.6554724 4.5708662 0.7145276 0 P 0
L 4.5708662 0.6554724 4.6023622 0.6554724 0 P 0
L 4.5708662 0.7145276 4.6023622 0.7145276 0 P 0
L 4.6023622 0.6554724 4.6023622 0.7145276 0 P 0
L 4.6153544 0.8229922 4.6153544 0.8544882 0 P 0
L 4.6192914 1.3484252 4.6192914 1.4074804 0 P 0
L 4.6192914 1.3484252 4.6507874 1.3484252 0 P 0
L 4.6192914 1.4074804 4.6507874 1.4074804 0 P 0
L 4.6507874 1.3484252 4.6507874 1.4074804 0 P 0
L 4.7192914 1.3484252 4.7192914 1.4074804 0 P 0
L 4.7192914 1.3484252 4.7507874 1.3484252 0 P 0
L 4.7192914 1.4074804 4.7507874 1.4074804 0 P 0
L 4.7374047 0.2125985 4.7374047 0.2440945 0 P 0
L 4.7374047 0.2125985 4.7964599 0.2125985 0 P 0
L 4.7374047 0.2440945 4.7964599 0.2440945 0 P 0
L 4.7480315 0.7592126 4.7480315 0.8182678 0 P 0
L 4.7480315 0.7592126 4.7795275 0.7592126 0 P 0
L 4.7480315 0.8182678 4.7795275 0.8182678 0 P 0
L 4.7507874 1.3484252 4.7507874 1.4074804 0 P 0
L 4.7646614 3.1084724 4.7646614 4.1204724 0 P 0
L 4.7646614 3.1084724 5.5006614 3.1084724 0 P 0
L 4.7646614 4.1204724 5.5006614 4.1204724 0 P 0
L 4.7795275 0.7592126 4.7795275 0.8182678 0 P 0
L 4.7925196 0.8229922 4.7925196 0.8544882 0 P 0
L 4.7925196 0.8229922 4.8515748 0.8229922 0 P 0
L 4.7925196 0.8544882 4.8515748 0.8544882 0 P 0
L 4.7964599 0.2125985 4.7964599 0.2440945 0 P 0
L 4.7968504 1.6035433 4.7968504 1.7035433 0 P 0
L 4.7968504 1.6035433 5.5968504 1.6035433 0 P 0
L 4.7968504 1.7035433 5.5968504 1.7035433 0 P 0
L 4.8015748 5.0826773 4.8015748 5.1141733 0 P 0
L 4.8015748 5.0826773 4.86063 5.0826773 0 P 0
L 4.8015748 5.1141733 4.86063 5.1141733 0 P 0
L 4.8023622 5.2661812 4.8023622 5.2976772 0 P 0
L 4.8023622 5.2661812 4.8614174 5.2661812 0 P 0
L 4.8023622 5.2976772 4.8614174 5.2976772 0 P 0
L 4.8023622 5.3661811 4.8023622 5.3976771 0 P 0
L 4.8023622 5.3661811 4.8614174 5.3661811 0 P 0
L 4.8023622 5.3976771 4.8614174 5.3976771 0 P 0
L 4.8070866 0.6554724 4.8070866 0.7145276 0 P 0
L 4.8070866 0.6554724 4.8385826 0.6554724 0 P 0
L 4.8070866 0.7145276 4.8385826 0.7145276 0 P 0
L 4.8192914 1.3484252 4.8192914 1.4074804 0 P 0
L 4.8192914 1.3484252 4.8507874 1.3484252 0 P 0
L 4.8192914 1.4074804 4.8507874 1.4074804 0 P 0
L 4.8385826 0.6554724 4.8385826 0.7145276 0 P 0
L 4.8507874 1.3484252 4.8507874 1.4074804 0 P 0
L 4.8515748 0.8229922 4.8515748 0.8544882 0 P 0
L 4.86063 5.0826773 4.86063 5.1141733 0 P 0
L 4.8614174 5.2661812 4.8614174 5.2976772 0 P 0
L 4.8614174 5.3661811 4.8614174 5.3976771 0 P 0
L 4.8904725 4.164055 4.8904725 4.2231102 0 P 0
L 4.8904725 4.164055 4.9219685 4.164055 0 P 0
L 4.8904725 4.2231102 4.9219685 4.2231102 0 P 0
L 4.9015748 5.0826773 4.9015748 5.1141733 0 P 0
L 4.9015748 5.0826773 4.96063 5.0826773 0 P 0
L 4.9015748 5.1141733 4.96063 5.1141733 0 P 0
L 4.9023622 5.2661812 4.9023622 5.2976772 0 P 0
L 4.9023622 5.2661812 4.9614174 5.2661812 0 P 0
L 4.9023622 5.2976772 4.9614174 5.2976772 0 P 0
L 4.9023622 5.3661811 4.9023622 5.3976771 0 P 0
L 4.9023622 5.3661811 4.9614174 5.3661811 0 P 0
L 4.9023622 5.3976771 4.9614174 5.3976771 0 P 0
L 4.9192914 1.3484252 4.9192914 1.4074804 0 P 0
L 4.9192914 1.3484252 4.9507874 1.3484252 0 P 0
L 4.9192914 1.4074804 4.9507874 1.4074804 0 P 0
L 4.9219685 4.164055 4.9219685 4.2231102 0 P 0
L 4.9507874 1.3484252 4.9507874 1.4074804 0 P 0
L 4.96063 5.0826773 4.96063 5.1141733 0 P 0
L 4.9614174 5.2661812 4.9614174 5.2976772 0 P 0
L 4.9614174 5.3661811 4.9614174 5.3976771 0 P 0
L 4.9736251 0.2125985 4.9736251 0.2440945 0 P 0
L 4.9736251 0.2125985 5.0326803 0.2125985 0 P 0
L 4.9736251 0.2440945 5.0326803 0.2440945 0 P 0
L 4.9802363 4.164055 4.9802363 4.2231102 0 P 0
L 4.9802363 4.164055 5.0117323 4.164055 0 P 0
L 4.9802363 4.2231102 5.0117323 4.2231102 0 P 0
L 4.984252 0.7592126 4.984252 0.8182678 0 P 0
L 4.984252 0.7592126 5.015748 0.7592126 0 P 0
L 4.984252 0.8182678 5.015748 0.8182678 0 P 0
L 5.0015748 5.0826773 5.0015748 5.1141733 0 P 0
L 5.0015748 5.0826773 5.06063 5.0826773 0 P 0
L 5.0015748 5.1141733 5.06063 5.1141733 0 P 0
L 5.0023622 5.2661812 5.0023622 5.2976772 0 P 0
L 5.0023622 5.2661812 5.0614174 5.2661812 0 P 0
L 5.0023622 5.2976772 5.0614174 5.2976772 0 P 0
L 5.0023622 5.3661811 5.0023622 5.3976771 0 P 0
L 5.0023622 5.3661811 5.0614174 5.3661811 0 P 0
L 5.0023622 5.3976771 5.0614174 5.3976771 0 P 0
L 5.0117323 4.164055 5.0117323 4.2231102 0 P 0
L 5.015748 0.7592126 5.015748 0.8182678 0 P 0
L 5.0192914 1.3484252 5.0192914 1.4074804 0 P 0
L 5.0192914 1.3484252 5.0507874 1.3484252 0 P 0
L 5.0192914 1.4074804 5.0507874 1.4074804 0 P 0
L 5.0287401 0.8229922 5.0287401 0.8544882 0 P 0
L 5.0287401 0.8229922 5.0877953 0.8229922 0 P 0
L 5.0287401 0.8544882 5.0877953 0.8544882 0 P 0
L 5.0326803 0.2125985 5.0326803 0.2440945 0 P 0
L 5.0433071 0.6554724 5.0433071 0.7145276 0 P 0
L 5.0433071 0.6554724 5.0748031 0.6554724 0 P 0
L 5.0433071 0.7145276 5.0748031 0.7145276 0 P 0
L 5.0507874 1.3484252 5.0507874 1.4074804 0 P 0
L 5.06063 5.0826773 5.06063 5.1141733 0 P 0
L 5.0614174 5.2661812 5.0614174 5.2976772 0 P 0
L 5.0614174 5.3661811 5.0614174 5.3976771 0 P 0
L 5.0629134 4.164055 5.0629134 4.2231102 0 P 0
L 5.0629134 4.164055 5.0944094 4.164055 0 P 0
L 5.0629134 4.2231102 5.0944094 4.2231102 0 P 0
L 5.0748031 0.6554724 5.0748031 0.7145276 0 P 0
L 5.0877953 0.8229922 5.0877953 0.8544882 0 P 0
L 5.0944094 4.164055 5.0944094 4.2231102 0 P 0
L 5.1015748 5.0826773 5.1015748 5.1141733 0 P 0
L 5.1015748 5.0826773 5.16063 5.0826773 0 P 0
L 5.1015748 5.1141733 5.16063 5.1141733 0 P 0
L 5.1023622 5.2661812 5.1023622 5.2976772 0 P 0
L 5.1023622 5.2661812 5.1614174 5.2661812 0 P 0
L 5.1023622 5.2976772 5.1614174 5.2976772 0 P 0
L 5.1023622 5.3661811 5.1023622 5.3976771 0 P 0
L 5.1023622 5.3661811 5.1614174 5.3661811 0 P 0
L 5.1023622 5.3976771 5.1614174 5.3976771 0 P 0
L 5.16063 5.0826773 5.16063 5.1141733 0 P 0
L 5.1614174 5.2661812 5.1614174 5.2976772 0 P 0
L 5.1614174 5.3661811 5.1614174 5.3976771 0 P 0
L 5.1904725 4.164055 5.1904725 4.2231102 0 P 0
L 5.1904725 4.164055 5.2219685 4.164055 0 P 0
L 5.1904725 4.2231102 5.2219685 4.2231102 0 P 0
L 5.2015748 5.0826773 5.2015748 5.1141733 0 P 0
L 5.2015748 5.0826773 5.26063 5.0826773 0 P 0
L 5.2015748 5.1141733 5.26063 5.1141733 0 P 0
L 5.2023622 5.2661812 5.2023622 5.2976772 0 P 0
L 5.2023622 5.2661812 5.2614174 5.2661812 0 P 0
L 5.2023622 5.2976772 5.2614174 5.2976772 0 P 0
L 5.2023622 5.3661811 5.2023622 5.3976771 0 P 0
L 5.2023622 5.3661811 5.2614174 5.3661811 0 P 0
L 5.2023622 5.3976771 5.2614174 5.3976771 0 P 0
L 5.2098456 0.2125985 5.2098456 0.2440945 0 P 0
L 5.2098456 0.2125985 5.2689008 0.2125985 0 P 0
L 5.2098456 0.2440945 5.2689008 0.2440945 0 P 0
L 5.2204725 0.7592126 5.2204725 0.8182678 0 P 0
L 5.2204725 0.7592126 5.2519685 0.7592126 0 P 0
L 5.2204725 0.8182678 5.2519685 0.8182678 0 P 0
L 5.2219685 4.164055 5.2219685 4.2231102 0 P 0
L 5.2519685 0.7592126 5.2519685 0.8182678 0 P 0
L 5.26063 5.0826773 5.26063 5.1141733 0 P 0
L 5.2614174 5.2661812 5.2614174 5.2976772 0 P 0
L 5.2614174 5.3661811 5.2614174 5.3976771 0 P 0
L 5.2649606 0.8229922 5.2649606 0.8544882 0 P 0
L 5.2649606 0.8229922 5.3240158 0.8229922 0 P 0
L 5.2649606 0.8544882 5.3240158 0.8544882 0 P 0
L 5.2689008 0.2125985 5.2689008 0.2440945 0 P 0
L 5.2795276 0.6554724 5.2795276 0.7145276 0 P 0
L 5.2795276 0.6554724 5.3110236 0.6554724 0 P 0
L 5.2795276 0.7145276 5.3110236 0.7145276 0 P 0
L 5.2818898 5.1468505 5.2818898 5.2468505 0 P 0
L 5.3110236 0.6554724 5.3110236 0.7145276 0 P 0
L 5.3240158 0.8229922 5.3240158 0.8544882 0 P 0
L 5.3429134 1.3484252 5.3429134 1.4074804 0 P 0
L 5.3429134 1.3484252 5.3744094 1.3484252 0 P 0
L 5.3429134 1.4074804 5.3744094 1.4074804 0 P 0
L 5.3744094 1.3484252 5.3744094 1.4074804 0 P 0
L 5.4429134 1.3484252 5.4429134 1.4074804 0 P 0
L 5.4429134 1.3484252 5.4744094 1.3484252 0 P 0
L 5.4429134 1.4074804 5.4744094 1.4074804 0 P 0
L 5.4460661 0.2125985 5.4460661 0.2440945 0 P 0
L 5.4460661 0.2125985 5.5051213 0.2125985 0 P 0
L 5.4460661 0.2440945 5.5051213 0.2440945 0 P 0
L 5.456693 0.7592126 5.456693 0.8182678 0 P 0
L 5.456693 0.7592126 5.488189 0.7592126 0 P 0
L 5.456693 0.8182678 5.488189 0.8182678 0 P 0
L 5.4744094 1.3484252 5.4744094 1.4074804 0 P 0
L 5.488189 0.7592126 5.488189 0.8182678 0 P 0
L 5.5006614 3.1084724 5.5006614 4.1204724 0 P 0
L 5.5011811 0.8229922 5.5011811 0.8544882 0 P 0
L 5.5011811 0.8229922 5.5602363 0.8229922 0 P 0
L 5.5011811 0.8544882 5.5602363 0.8544882 0 P 0
L 5.5051213 0.2125985 5.5051213 0.2440945 0 P 0
L 5.5157481 0.6554724 5.5157481 0.7145276 0 P 0
L 5.5157481 0.6554724 5.5472441 0.6554724 0 P 0
L 5.5157481 0.7145276 5.5472441 0.7145276 0 P 0
L 5.5353543 3.3845275 5.5353543 3.4435827 0 P 0
L 5.5353543 3.3845275 5.5668503 3.3845275 0 P 0
L 5.5353543 3.4435827 5.5668503 3.4435827 0 P 0
L 5.5429134 1.3484252 5.5429134 1.4074804 0 P 0
L 5.5429134 1.3484252 5.5744094 1.3484252 0 P 0
L 5.5429134 1.4074804 5.5744094 1.4074804 0 P 0
L 5.5472441 0.6554724 5.5472441 0.7145276 0 P 0
L 5.5602363 0.8229922 5.5602363 0.8544882 0 P 0
L 5.5661418 5.1468505 5.5661418 5.2468505 0 P 0
L 5.5661418 5.1468505 6.1661418 5.1468505 0 P 0
L 5.5661418 5.2468505 6.1661418 5.2468505 0 P 0
L 5.5668503 3.3845275 5.5668503 3.4435827 0 P 0
L 5.5744094 1.3484252 5.5744094 1.4074804 0 P 0
L 5.5858268 5.0826773 5.5858268 5.1141733 0 P 0
L 5.5858268 5.0826773 5.644882 5.0826773 0 P 0
L 5.5858268 5.1141733 5.644882 5.1141733 0 P 0
L 5.5866142 5.2661812 5.5866142 5.2976772 0 P 0
L 5.5866142 5.2661812 5.6456694 5.2661812 0 P 0
L 5.5866142 5.2976772 5.6456694 5.2976772 0 P 0
L 5.5866142 5.3661811 5.5866142 5.3976771 0 P 0
L 5.5866142 5.3661811 5.6456694 5.3661811 0 P 0
L 5.5866142 5.3976771 5.6456694 5.3976771 0 P 0
L 5.5968504 1.6035433 5.5968504 1.7035433 0 P 0
L 5.6429134 1.3484252 5.6429134 1.4074804 0 P 0
L 5.6429134 1.3484252 5.6744094 1.3484252 0 P 0
L 5.6429134 1.4074804 5.6744094 1.4074804 0 P 0
L 5.644882 5.0826773 5.644882 5.1141733 0 P 0
L 5.6456694 5.2661812 5.6456694 5.2976772 0 P 0
L 5.6456694 5.3661811 5.6456694 5.3976771 0 P 0
L 5.6744094 1.3484252 5.6744094 1.4074804 0 P 0
L 5.6822865 0.2125985 5.6822865 0.2440945 0 P 0
L 5.6822865 0.2125985 5.7413417 0.2125985 0 P 0
L 5.6822865 0.2440945 5.7413417 0.2440945 0 P 0
L 5.6858268 5.0826773 5.6858268 5.1141733 0 P 0
L 5.6858268 5.0826773 5.744882 5.0826773 0 P 0
L 5.6858268 5.1141733 5.744882 5.1141733 0 P 0
L 5.6866142 5.2661812 5.6866142 5.2976772 0 P 0
L 5.6866142 5.2661812 5.7456694 5.2661812 0 P 0
L 5.6866142 5.2976772 5.7456694 5.2976772 0 P 0
L 5.6866142 5.3661811 5.6866142 5.3976771 0 P 0
L 5.6866142 5.3661811 5.7456694 5.3661811 0 P 0
L 5.6866142 5.3976771 5.7456694 5.3976771 0 P 0
L 5.6929134 0.7592126 5.6929134 0.8182678 0 P 0
L 5.6929134 0.7592126 5.7244094 0.7592126 0 P 0
L 5.6929134 0.8182678 5.7244094 0.8182678 0 P 0
L 5.7244094 0.7592126 5.7244094 0.8182678 0 P 0
L 5.7374015 0.8229922 5.7374015 0.8544882 0 P 0
L 5.7374015 0.8229922 5.7964567 0.8229922 0 P 0
L 5.7374015 0.8544882 5.7964567 0.8544882 0 P 0
L 5.7413417 0.2125985 5.7413417 0.2440945 0 P 0
L 5.7429134 1.3484252 5.7429134 1.4074804 0 P 0
L 5.7429134 1.3484252 5.7744094 1.3484252 0 P 0
L 5.7429134 1.4074804 5.7744094 1.4074804 0 P 0
L 5.744882 5.0826773 5.744882 5.1141733 0 P 0
L 5.7456694 5.2661812 5.7456694 5.2976772 0 P 0
L 5.7456694 5.3661811 5.7456694 5.3976771 0 P 0
L 5.7519685 0.6554724 5.7519685 0.7145276 0 P 0
L 5.7519685 0.6554724 5.7834645 0.6554724 0 P 0
L 5.7519685 0.7145276 5.7834645 0.7145276 0 P 0
L 5.7744094 1.3484252 5.7744094 1.4074804 0 P 0
L 5.7834645 0.6554724 5.7834645 0.7145276 0 P 0
L 5.7858268 5.0826773 5.7858268 5.1141733 0 P 0
L 5.7858268 5.0826773 5.844882 5.0826773 0 P 0
L 5.7858268 5.1141733 5.844882 5.1141733 0 P 0
L 5.7866142 5.2661812 5.7866142 5.2976772 0 P 0
L 5.7866142 5.2661812 5.8456694 5.2661812 0 P 0
L 5.7866142 5.2976772 5.8456694 5.2976772 0 P 0
L 5.7866142 5.3661811 5.7866142 5.3976771 0 P 0
L 5.7866142 5.3661811 5.8456694 5.3661811 0 P 0
L 5.7866142 5.3976771 5.8456694 5.3976771 0 P 0
L 5.7964567 0.8229922 5.7964567 0.8544882 0 P 0
L 5.8429134 1.3484252 5.8429134 1.4074804 0 P 0
L 5.8429134 1.3484252 5.8744094 1.3484252 0 P 0
L 5.8429134 1.4074804 5.8744094 1.4074804 0 P 0
L 5.844882 5.0826773 5.844882 5.1141733 0 P 0
L 5.8456694 5.2661812 5.8456694 5.2976772 0 P 0
L 5.8456694 5.3661811 5.8456694 5.3976771 0 P 0
L 5.8744094 1.3484252 5.8744094 1.4074804 0 P 0
L 5.8858268 5.0826773 5.8858268 5.1141733 0 P 0
L 5.8858268 5.0826773 5.944882 5.0826773 0 P 0
L 5.8858268 5.1141733 5.944882 5.1141733 0 P 0
L 5.8866142 5.2661812 5.8866142 5.2976772 0 P 0
L 5.8866142 5.2661812 5.9456694 5.2661812 0 P 0
L 5.8866142 5.2976772 5.9456694 5.2976772 0 P 0
L 5.8866142 5.3661811 5.8866142 5.3976771 0 P 0
L 5.8866142 5.3661811 5.9456694 5.3661811 0 P 0
L 5.8866142 5.3976771 5.9456694 5.3976771 0 P 0
L 5.918507 0.2125985 5.918507 0.2440945 0 P 0
L 5.918507 0.2125985 5.9775622 0.2125985 0 P 0
L 5.918507 0.2440945 5.9775622 0.2440945 0 P 0
L 5.9291339 0.7592126 5.9291339 0.8182678 0 P 0
L 5.9291339 0.7592126 5.9606299 0.7592126 0 P 0
L 5.9291339 0.8182678 5.9606299 0.8182678 0 P 0
L 5.9429134 1.3484252 5.9429134 1.4074804 0 P 0
L 5.9429134 1.3484252 5.9744094 1.3484252 0 P 0
L 5.9429134 1.4074804 5.9744094 1.4074804 0 P 0
L 5.944882 5.0826773 5.944882 5.1141733 0 P 0
L 5.9456694 5.2661812 5.9456694 5.2976772 0 P 0
L 5.9456694 5.3661811 5.9456694 5.3976771 0 P 0
L 5.9606299 0.7592126 5.9606299 0.8182678 0 P 0
L 5.973622 0.8229922 5.973622 0.8544882 0 P 0
L 5.973622 0.8229922 6.0326772 0.8229922 0 P 0
L 5.973622 0.8544882 6.0326772 0.8544882 0 P 0
L 5.9744094 1.3484252 5.9744094 1.4074804 0 P 0
L 5.9775622 0.2125985 5.9775622 0.2440945 0 P 0
L 5.9858268 5.0826773 5.9858268 5.1141733 0 P 0
L 5.9858268 5.0826773 6.044882 5.0826773 0 P 0
L 5.9858268 5.1141733 6.044882 5.1141733 0 P 0
L 5.9866142 5.2661812 5.9866142 5.2976772 0 P 0
L 5.9866142 5.2661812 6.0456694 5.2661812 0 P 0
L 5.9866142 5.2976772 6.0456694 5.2976772 0 P 0
L 5.9866142 5.3661811 5.9866142 5.3976771 0 P 0
L 5.9866142 5.3661811 6.0456694 5.3661811 0 P 0
L 5.9866142 5.3976771 6.0456694 5.3976771 0 P 0
L 5.988189 0.6554724 5.988189 0.7145276 0 P 0
L 5.988189 0.6554724 6.019685 0.6554724 0 P 0
L 5.988189 0.7145276 6.019685 0.7145276 0 P 0
L 6.019685 0.6554724 6.019685 0.7145276 0 P 0
L 6.0326772 0.8229922 6.0326772 0.8544882 0 P 0
L 6.0429134 1.3484252 6.0429134 1.4074804 0 P 0
L 6.0429134 1.3484252 6.0744094 1.3484252 0 P 0
L 6.0429134 1.4074804 6.0744094 1.4074804 0 P 0
L 6.044882 5.0826773 6.044882 5.1141733 0 P 0
L 6.0456694 5.2661812 6.0456694 5.2976772 0 P 0
L 6.0456694 5.3661811 6.0456694 5.3976771 0 P 0
L 6.0744094 1.3484252 6.0744094 1.4074804 0 P 0
L 6.0858268 5.0826773 6.0858268 5.1141733 0 P 0
L 6.0858268 5.0826773 6.144882 5.0826773 0 P 0
L 6.0858268 5.1141733 6.144882 5.1141733 0 P 0
L 6.0866142 5.2661812 6.0866142 5.2976772 0 P 0
L 6.0866142 5.2661812 6.1456694 5.2661812 0 P 0
L 6.0866142 5.2976772 6.1456694 5.2976772 0 P 0
L 6.0866142 5.3661811 6.0866142 5.3976771 0 P 0
L 6.0866142 5.3661811 6.1456694 5.3661811 0 P 0
L 6.0866142 5.3976771 6.1456694 5.3976771 0 P 0
L 6.144882 5.0826773 6.144882 5.1141733 0 P 0
L 6.1456694 5.2661812 6.1456694 5.2976772 0 P 0
L 6.1456694 5.3661811 6.1456694 5.3976771 0 P 0
L 6.1661418 5.1468505 6.1661418 5.2468505 0 P 0
L 6.3122078 0.2125985 6.3122078 0.2440945 0 P 0
L 6.3122078 0.2125985 6.371263 0.2125985 0 P 0
L 6.3122078 0.2440945 6.371263 0.2440945 0 P 0
L 6.3228347 0.7592126 6.3228347 0.8182678 0 P 0
L 6.3228347 0.7592126 6.3543307 0.7592126 0 P 0
L 6.3228347 0.8182678 6.3543307 0.8182678 0 P 0
L 6.3543307 0.7592126 6.3543307 0.8182678 0 P 0
L 6.3665355 1.3484252 6.3665355 1.4074804 0 P 0
L 6.3665355 1.3484252 6.3980315 1.3484252 0 P 0
L 6.3665355 1.4074804 6.3980315 1.4074804 0 P 0
L 6.3673228 0.8229922 6.3673228 0.8544882 0 P 0
L 6.3673228 0.8229922 6.426378 0.8229922 0 P 0
L 6.3673228 0.8544882 6.426378 0.8544882 0 P 0
L 6.371263 0.2125985 6.371263 0.2440945 0 P 0
L 6.3818898 0.6554724 6.3818898 0.7145276 0 P 0
L 6.3818898 0.6554724 6.4133858 0.6554724 0 P 0
L 6.3818898 0.7145276 6.4133858 0.7145276 0 P 0
L 6.3980315 1.3484252 6.3980315 1.4074804 0 P 0
L 6.4133858 0.6554724 6.4133858 0.7145276 0 P 0
L 6.426378 0.8229922 6.426378 0.8544882 0 P 0
L 6.4322835 5.1468505 6.4322835 5.2468505 0 P 0
L 6.4322835 5.1468505 7.0322835 5.1468505 0 P 0
L 6.4322835 5.2468505 7.0322835 5.2468505 0 P 0
L 6.4665355 1.3484252 6.4665355 1.4074804 0 P 0
L 6.4665355 1.3484252 6.4980315 1.3484252 0 P 0
L 6.4665355 1.4074804 6.4980315 1.4074804 0 P 0
L 6.4980315 1.3484252 6.4980315 1.4074804 0 P 0
L 6.5484283 0.2125985 6.5484283 0.2440945 0 P 0
L 6.5484283 0.2125985 6.6074835 0.2125985 0 P 0
L 6.5484283 0.2440945 6.6074835 0.2440945 0 P 0
L 6.5590551 0.7592126 6.5590551 0.8182678 0 P 0
L 6.5590551 0.7592126 6.5905511 0.7592126 0 P 0
L 6.5590551 0.8182678 6.5905511 0.8182678 0 P 0
L 6.5665355 1.3484252 6.5665355 1.4074804 0 P 0
L 6.5665355 1.3484252 6.5980315 1.3484252 0 P 0
L 6.5665355 1.4074804 6.5980315 1.4074804 0 P 0
L 6.5905511 0.7592126 6.5905511 0.8182678 0 P 0
L 6.5980315 1.3484252 6.5980315 1.4074804 0 P 0
L 6.6035433 0.8229922 6.6035433 0.8544882 0 P 0
L 6.6035433 0.8229922 6.6625985 0.8229922 0 P 0
L 6.6035433 0.8544882 6.6625985 0.8544882 0 P 0
L 6.6074835 0.2125985 6.6074835 0.2440945 0 P 0
L 6.6181103 0.6554724 6.6181103 0.7145276 0 P 0
L 6.6181103 0.6554724 6.6496063 0.6554724 0 P 0
L 6.6181103 0.7145276 6.6496063 0.7145276 0 P 0
L 6.6496063 0.6554724 6.6496063 0.7145276 0 P 0
L 6.6625985 0.8229922 6.6625985 0.8544882 0 P 0
L 6.6665355 1.3484252 6.6665355 1.4074804 0 P 0
L 6.6665355 1.3484252 6.6980315 1.3484252 0 P 0
L 6.6665355 1.4074804 6.6980315 1.4074804 0 P 0
L 6.6980315 1.3484252 6.6980315 1.4074804 0 P 0
L 6.7665355 1.3484252 6.7665355 1.4074804 0 P 0
L 6.7665355 1.3484252 6.7980315 1.3484252 0 P 0
L 6.7665355 1.4074804 6.7980315 1.4074804 0 P 0
L 6.7846488 0.2125985 6.7846488 0.2440945 0 P 0
L 6.7846488 0.2125985 6.843704 0.2125985 0 P 0
L 6.7846488 0.2440945 6.843704 0.2440945 0 P 0
L 6.7952756 0.7592126 6.7952756 0.8182678 0 P 0
L 6.7952756 0.7592126 6.8267716 0.7592126 0 P 0
L 6.7952756 0.8182678 6.8267716 0.8182678 0 P 0
L 6.7980315 1.3484252 6.7980315 1.4074804 0 P 0
L 6.8267716 0.7592126 6.8267716 0.8182678 0 P 0
L 6.8397637 0.8229922 6.8397637 0.8544882 0 P 0
L 6.8397637 0.8229922 6.8988189 0.8229922 0 P 0
L 6.8397637 0.8544882 6.8988189 0.8544882 0 P 0
L 6.843704 0.2125985 6.843704 0.2440945 0 P 0
L 6.8440945 1.6035433 6.8440945 1.7035433 0 P 0
L 6.8440945 1.6035433 7.6440945 1.6035433 0 P 0
L 6.8440945 1.7035433 7.6440945 1.7035433 0 P 0
L 6.8543307 0.6554724 6.8543307 0.7145276 0 P 0
L 6.8543307 0.6554724 6.8858267 0.6554724 0 P 0
L 6.8543307 0.7145276 6.8858267 0.7145276 0 P 0
L 6.8665355 1.3484252 6.8665355 1.4074804 0 P 0
L 6.8665355 1.3484252 6.8980315 1.3484252 0 P 0
L 6.8665355 1.4074804 6.8980315 1.4074804 0 P 0
L 6.8858267 0.6554724 6.8858267 0.7145276 0 P 0
L 6.8980315 1.3484252 6.8980315 1.4074804 0 P 0
L 6.8988189 0.8229922 6.8988189 0.8544882 0 P 0
L 6.9665355 1.3484252 6.9665355 1.4074804 0 P 0
L 6.9665355 1.3484252 6.9980315 1.3484252 0 P 0
L 6.9665355 1.4074804 6.9980315 1.4074804 0 P 0
L 6.9980315 1.3484252 6.9980315 1.4074804 0 P 0
L 7.0208692 0.2125985 7.0208692 0.2440945 0 P 0
L 7.0208692 0.2125985 7.0799244 0.2125985 0 P 0
L 7.0208692 0.2440945 7.0799244 0.2440945 0 P 0
L 7.0314961 0.7592126 7.0314961 0.8182678 0 P 0
L 7.0314961 0.7592126 7.0629921 0.7592126 0 P 0
L 7.0314961 0.8182678 7.0629921 0.8182678 0 P 0
L 7.0322835 5.1468505 7.0322835 5.2468505 0 P 0
L 7.0629921 0.7592126 7.0629921 0.8182678 0 P 0
L 7.0665355 1.3484252 7.0665355 1.4074804 0 P 0
L 7.0665355 1.3484252 7.0980315 1.3484252 0 P 0
L 7.0665355 1.4074804 7.0980315 1.4074804 0 P 0
L 7.0759842 0.8229922 7.0759842 0.8544882 0 P 0
L 7.0759842 0.8229922 7.1350394 0.8229922 0 P 0
L 7.0759842 0.8544882 7.1350394 0.8544882 0 P 0
L 7.0799244 0.2125985 7.0799244 0.2440945 0 P 0
L 7.0905512 0.6554724 7.0905512 0.7145276 0 P 0
L 7.0905512 0.6554724 7.1220472 0.6554724 0 P 0
L 7.0905512 0.7145276 7.1220472 0.7145276 0 P 0
L 7.0980315 1.3484252 7.0980315 1.4074804 0 P 0
L 7.1220472 0.6554724 7.1220472 0.7145276 0 P 0
L 7.1350394 0.8229922 7.1350394 0.8544882 0 P 0
L 7.2570897 0.2125985 7.2570897 0.2440945 0 P 0
L 7.2570897 0.2125985 7.3161449 0.2125985 0 P 0
L 7.2570897 0.2440945 7.3161449 0.2440945 0 P 0
L 7.2677166 0.7592126 7.2677166 0.8182678 0 P 0
L 7.2677166 0.7592126 7.2992126 0.7592126 0 P 0
L 7.2677166 0.8182678 7.2992126 0.8182678 0 P 0
L 7.2992126 0.7592126 7.2992126 0.8182678 0 P 0
L 7.3122047 0.8229922 7.3122047 0.8544882 0 P 0
L 7.3122047 0.8229922 7.3712599 0.8229922 0 P 0
L 7.3122047 0.8544882 7.3712599 0.8544882 0 P 0
L 7.3161449 0.2125985 7.3161449 0.2440945 0 P 0
L 7.3165354 5.1468505 7.3165354 5.2468505 0 P 0
L 7.3165354 5.1468505 8.1165354 5.1468505 0 P 0
L 7.3165354 5.2468505 8.1165354 5.2468505 0 P 0
L 7.3267717 0.6554724 7.3267717 0.7145276 0 P 0
L 7.3267717 0.6554724 7.3582677 0.6554724 0 P 0
L 7.3267717 0.7145276 7.3582677 0.7145276 0 P 0
L 7.3582677 0.6554724 7.3582677 0.7145276 0 P 0
L 7.3712599 0.8229922 7.3712599 0.8544882 0 P 0
L 7.3901575 1.3484252 7.3901575 1.4074804 0 P 0
L 7.3901575 1.3484252 7.4216535 1.3484252 0 P 0
L 7.3901575 1.4074804 7.4216535 1.4074804 0 P 0
L 7.4216535 1.3484252 7.4216535 1.4074804 0 P 0
L 7.4485354 5.3235747 7.4485354 5.5265747 0 P 0
L 7.4485354 5.3235747 7.9825354 5.3235747 0 P 0
L 7.4485354 5.5265747 7.9825354 5.5265747 0 P 0
L 7.464567 3.2185039 7.464567 3.2775591 0 P 0
L 7.464567 3.2185039 7.496063 3.2185039 0 P 0
L 7.464567 3.2775591 7.496063 3.2775591 0 P 0
L 7.464567 3.8090551 7.464567 3.8681103 0 P 0
L 7.464567 3.8090551 7.496063 3.8090551 0 P 0
L 7.464567 3.8681103 7.496063 3.8681103 0 P 0
L 7.464567 4.3996063 7.464567 4.4586615 0 P 0
L 7.464567 4.3996063 7.496063 4.3996063 0 P 0
L 7.464567 4.4586615 7.496063 4.4586615 0 P 0
L 7.4901575 1.3484252 7.4901575 1.4074804 0 P 0
L 7.4901575 1.3484252 7.5216535 1.3484252 0 P 0
L 7.4901575 1.4074804 7.5216535 1.4074804 0 P 0
L 7.4933102 0.2125985 7.4933102 0.2440945 0 P 0
L 7.4933102 0.2125985 7.5523654 0.2125985 0 P 0
L 7.4933102 0.2440945 7.5523654 0.2440945 0 P 0
L 7.496063 3.2185039 7.496063 3.2775591 0 P 0
L 7.496063 3.8090551 7.496063 3.8681103 0 P 0
L 7.496063 4.3996063 7.496063 4.4586615 0 P 0
L 7.503937 0.7592126 7.503937 0.8182678 0 P 0
L 7.503937 0.7592126 7.535433 0.7592126 0 P 0
L 7.503937 0.8182678 7.535433 0.8182678 0 P 0
L 7.5216535 1.3484252 7.5216535 1.4074804 0 P 0
L 7.535433 0.7592126 7.535433 0.8182678 0 P 0
L 7.5484252 0.8229922 7.5484252 0.8544882 0 P 0
L 7.5484252 0.8229922 7.6074804 0.8229922 0 P 0
L 7.5484252 0.8544882 7.6074804 0.8544882 0 P 0
L 7.5523654 0.2125985 7.5523654 0.2440945 0 P 0
L 7.5629922 0.6554724 7.5629922 0.7145276 0 P 0
L 7.5629922 0.6554724 7.5944882 0.6554724 0 P 0
L 7.5629922 0.7145276 7.5944882 0.7145276 0 P 0
L 7.5901575 1.3484252 7.5901575 1.4074804 0 P 0
L 7.5901575 1.3484252 7.6216535 1.3484252 0 P 0
L 7.5901575 1.4074804 7.6216535 1.4074804 0 P 0
L 7.5944882 0.6554724 7.5944882 0.7145276 0 P 0
L 7.6039371 3.2381889 7.6039371 3.2972441 0 P 0
L 7.6039371 3.2381889 7.6354331 3.2381889 0 P 0
L 7.6039371 3.2972441 7.6354331 3.2972441 0 P 0
L 7.6039371 3.8287401 7.6039371 3.8877953 0 P 0
L 7.6039371 3.8287401 7.6354331 3.8287401 0 P 0
L 7.6039371 3.8877953 7.6354331 3.8877953 0 P 0
L 7.6039371 4.4192913 7.6039371 4.4783465 0 P 0
L 7.6039371 4.4192913 7.6354331 4.4192913 0 P 0
L 7.6039371 4.4783465 7.6354331 4.4783465 0 P 0
L 7.6074804 0.8229922 7.6074804 0.8544882 0 P 0
L 7.6216535 1.3484252 7.6216535 1.4074804 0 P 0
L 7.6354331 3.2381889 7.6354331 3.2972441 0 P 0
L 7.6354331 3.8287401 7.6354331 3.8877953 0 P 0
L 7.6354331 4.4192913 7.6354331 4.4783465 0 P 0
L 7.6393701 3.2381889 7.6393701 3.2972441 0 P 0
L 7.6393701 3.2381889 7.6708661 3.2381889 0 P 0
L 7.6393701 3.2972441 7.6708661 3.2972441 0 P 0
L 7.6393701 3.8287401 7.6393701 3.8877953 0 P 0
L 7.6393701 3.8287401 7.6708661 3.8287401 0 P 0
L 7.6393701 3.8877953 7.6708661 3.8877953 0 P 0
L 7.6393701 4.4192913 7.6393701 4.4783465 0 P 0
L 7.6393701 4.4192913 7.6708661 4.4192913 0 P 0
L 7.6393701 4.4783465 7.6708661 4.4783465 0 P 0
L 7.6440945 1.6035433 7.6440945 1.7035433 0 P 0
L 7.6708661 3.2381889 7.6708661 3.2972441 0 P 0
L 7.6708661 3.8287401 7.6708661 3.8877953 0 P 0
L 7.6708661 4.4192913 7.6708661 4.4783465 0 P 0
L 7.6901575 1.3484252 7.6901575 1.4074804 0 P 0
L 7.6901575 1.3484252 7.7216535 1.3484252 0 P 0
L 7.6901575 1.4074804 7.7216535 1.4074804 0 P 0
L 7.7216535 1.3484252 7.7216535 1.4074804 0 P 0
L 7.7295306 0.2125985 7.7295306 0.2440945 0 P 0
L 7.7295306 0.2125985 7.7885858 0.2125985 0 P 0
L 7.7295306 0.2440945 7.7885858 0.2440945 0 P 0
L 7.7370078 5.0872796 7.7370078 5.1187756 0 P 0
L 7.7370078 5.0872796 7.796063 5.0872796 0 P 0
L 7.7370078 5.1187756 7.796063 5.1187756 0 P 0
L 7.7401575 0.7592126 7.7401575 0.8182678 0 P 0
L 7.7401575 0.7592126 7.7716535 0.7592126 0 P 0
L 7.7401575 0.8182678 7.7716535 0.8182678 0 P 0
L 7.7716535 0.7592126 7.7716535 0.8182678 0 P 0
L 7.7846456 0.8229922 7.7846456 0.8544882 0 P 0
L 7.7846456 0.8229922 7.8437008 0.8229922 0 P 0
L 7.7846456 0.8544882 7.8437008 0.8544882 0 P 0
L 7.7885858 0.2125985 7.7885858 0.2440945 0 P 0
L 7.7901575 1.3484252 7.7901575 1.4074804 0 P 0
L 7.7901575 1.3484252 7.8216535 1.3484252 0 P 0
L 7.7901575 1.4074804 7.8216535 1.4074804 0 P 0
L 7.796063 5.0872796 7.796063 5.1187756 0 P 0
L 7.7992126 0.6554724 7.7992126 0.7145276 0 P 0
L 7.7992126 0.6554724 7.8307086 0.6554724 0 P 0
L 7.7992126 0.7145276 7.8307086 0.7145276 0 P 0
L 7.8216535 1.3484252 7.8216535 1.4074804 0 P 0
L 7.8307086 0.6554724 7.8307086 0.7145276 0 P 0
L 7.8370078 5.0872796 7.8370078 5.1187756 0 P 0
L 7.8370078 5.0872796 7.896063 5.0872796 0 P 0
L 7.8370078 5.1187756 7.896063 5.1187756 0 P 0
L 7.8437008 0.8229922 7.8437008 0.8544882 0 P 0
L 7.8901575 1.3484252 7.8901575 1.4074804 0 P 0
L 7.8901575 1.3484252 7.9216535 1.3484252 0 P 0
L 7.8901575 1.4074804 7.9216535 1.4074804 0 P 0
L 7.896063 5.0872796 7.896063 5.1187756 0 P 0
L 7.9216535 1.3484252 7.9216535 1.4074804 0 P 0
L 7.9370078 5.0872796 7.9370078 5.1187756 0 P 0
L 7.9370078 5.0872796 7.996063 5.0872796 0 P 0
L 7.9370078 5.1187756 7.996063 5.1187756 0 P 0
L 7.9657511 0.2125985 7.9657511 0.2440945 0 P 0
L 7.9657511 0.2125985 8.0248063 0.2125985 0 P 0
L 7.9657511 0.2440945 8.0248063 0.2440945 0 P 0
L 7.976378 0.7592126 7.976378 0.8182678 0 P 0
L 7.976378 0.7592126 8.007874 0.7592126 0 P 0
L 7.976378 0.8182678 8.007874 0.8182678 0 P 0
L 7.9825354 5.3235747 7.9825354 5.5265747 0 P 0
L 7.9901575 1.3484252 7.9901575 1.4074804 0 P 0
L 7.9901575 1.3484252 8.0216535 1.3484252 0 P 0
L 7.9901575 1.4074804 8.0216535 1.4074804 0 P 0
L 7.996063 5.0872796 7.996063 5.1187756 0 P 0
L 8.007874 0.7592126 8.007874 0.8182678 0 P 0
L 8.0208661 0.8229922 8.0208661 0.8544882 0 P 0
L 8.0208661 0.8229922 8.0799213 0.8229922 0 P 0
L 8.0208661 0.8544882 8.0799213 0.8544882 0 P 0
L 8.0216535 1.3484252 8.0216535 1.4074804 0 P 0
L 8.0248063 0.2125985 8.0248063 0.2440945 0 P 0
L 8.0354331 0.6554724 8.0354331 0.7145276 0 P 0
L 8.0354331 0.6554724 8.0669291 0.6554724 0 P 0
L 8.0354331 0.7145276 8.0669291 0.7145276 0 P 0
L 8.0669291 0.6554724 8.0669291 0.7145276 0 P 0
L 8.0799213 0.8229922 8.0799213 0.8544882 0 P 0
L 8.0901575 1.3484252 8.0901575 1.4074804 0 P 0
L 8.0901575 1.3484252 8.1216535 1.3484252 0 P 0
L 8.0901575 1.4074804 8.1216535 1.4074804 0 P 0
L 8.1165354 5.1468505 8.1165354 5.2468505 0 P 0
L 8.1216535 1.3484252 8.1216535 1.4074804 0 P 0
L 8.3594519 0.2125985 8.3594519 0.2440945 0 P 0
L 8.3594519 0.2125985 8.4185071 0.2125985 0 P 0
L 8.3594519 0.2440945 8.4185071 0.2440945 0 P 0
L 8.3700788 0.7592126 8.3700788 0.8182678 0 P 0
L 8.3700788 0.7592126 8.4015748 0.7592126 0 P 0
L 8.3700788 0.8182678 8.4015748 0.8182678 0 P 0
L 8.4015748 0.7592126 8.4015748 0.8182678 0 P 0
L 8.4137796 1.3484252 8.4137796 1.4074804 0 P 0
L 8.4137796 1.3484252 8.4452756 1.3484252 0 P 0
L 8.4137796 1.4074804 8.4452756 1.4074804 0 P 0
L 8.4145669 0.8229922 8.4145669 0.8544882 0 P 0
L 8.4145669 0.8229922 8.4736221 0.8229922 0 P 0
L 8.4145669 0.8544882 8.4736221 0.8544882 0 P 0
L 8.4185071 0.2125985 8.4185071 0.2440945 0 P 0
L 8.4188976 5.1468505 8.4188976 5.2468505 0 P 0
L 8.4188976 5.1468505 9.2188976 5.1468505 0 P 0
L 8.4188976 5.2468505 9.2188976 5.2468505 0 P 0
L 8.4291339 0.6554724 8.4291339 0.7145276 0 P 0
L 8.4291339 0.6554724 8.4606299 0.6554724 0 P 0
L 8.4291339 0.7145276 8.4606299 0.7145276 0 P 0
L 8.4452756 1.3484252 8.4452756 1.4074804 0 P 0
L 8.4606299 0.6554724 8.4606299 0.7145276 0 P 0
L 8.4736221 0.8229922 8.4736221 0.8544882 0 P 0
L 8.5137796 1.3484252 8.5137796 1.4074804 0 P 0
L 8.5137796 1.3484252 8.5452756 1.3484252 0 P 0
L 8.5137796 1.4074804 8.5452756 1.4074804 0 P 0
L 8.5452756 1.3484252 8.5452756 1.4074804 0 P 0
L 8.5508976 5.3235747 8.5508976 5.5265747 0 P 0
L 8.5508976 5.3235747 9.0848976 5.3235747 0 P 0
L 8.5508976 5.5265747 9.0848976 5.5265747 0 P 0
L 8.5956724 0.2125985 8.5956724 0.2440945 0 P 0
L 8.5956724 0.2125985 8.6547276 0.2125985 0 P 0
L 8.5956724 0.2440945 8.6547276 0.2440945 0 P 0
L 8.6062992 0.7592126 8.6062992 0.8182678 0 P 0
L 8.6062992 0.7592126 8.6377952 0.7592126 0 P 0
L 8.6062992 0.8182678 8.6377952 0.8182678 0 P 0
L 8.6137796 1.3484252 8.6137796 1.4074804 0 P 0
L 8.6137796 1.3484252 8.6452756 1.3484252 0 P 0
L 8.6137796 1.4074804 8.6452756 1.4074804 0 P 0
L 8.6377952 0.7592126 8.6377952 0.8182678 0 P 0
L 8.6452756 1.3484252 8.6452756 1.4074804 0 P 0
L 8.6507874 0.8229922 8.6507874 0.8544882 0 P 0
L 8.6507874 0.8229922 8.7098426 0.8229922 0 P 0
L 8.6507874 0.8544882 8.7098426 0.8544882 0 P 0
L 8.6547276 0.2125985 8.6547276 0.2440945 0 P 0
L 8.6653544 0.6554724 8.6653544 0.7145276 0 P 0
L 8.6653544 0.6554724 8.6968504 0.6554724 0 P 0
L 8.6653544 0.7145276 8.6968504 0.7145276 0 P 0
L 8.6968504 0.6554724 8.6968504 0.7145276 0 P 0
L 8.7098426 0.8229922 8.7098426 0.8544882 0 P 0
L 8.7137796 1.3484252 8.7137796 1.4074804 0 P 0
L 8.7137796 1.3484252 8.7452756 1.3484252 0 P 0
L 8.7137796 1.4074804 8.7452756 1.4074804 0 P 0
L 8.7244095 3.2185039 8.7244095 3.2775591 0 P 0
L 8.7244095 3.2185039 8.7559055 3.2185039 0 P 0
L 8.7244095 3.2775591 8.7559055 3.2775591 0 P 0
L 8.7244095 3.8090551 8.7244095 3.8681103 0 P 0
L 8.7244095 3.8090551 8.7559055 3.8090551 0 P 0
L 8.7244095 3.8681103 8.7559055 3.8681103 0 P 0
L 8.7244095 4.3996063 8.7244095 4.4586615 0 P 0
L 8.7244095 4.3996063 8.7559055 4.3996063 0 P 0
L 8.7244095 4.4586615 8.7559055 4.4586615 0 P 0
L 8.7452756 1.3484252 8.7452756 1.4074804 0 P 0
L 8.7559055 3.2185039 8.7559055 3.2775591 0 P 0
L 8.7559055 3.8090551 8.7559055 3.8681103 0 P 0
L 8.7559055 4.3996063 8.7559055 4.4586615 0 P 0
L 8.8137796 1.3484252 8.8137796 1.4074804 0 P 0
L 8.8137796 1.3484252 8.8452756 1.3484252 0 P 0
L 8.8137796 1.4074804 8.8452756 1.4074804 0 P 0
L 8.8318929 0.2125985 8.8318929 0.2440945 0 P 0
L 8.8318929 0.2125985 8.8909481 0.2125985 0 P 0
L 8.8318929 0.2440945 8.8909481 0.2440945 0 P 0
L 8.83937 5.0872796 8.83937 5.1187756 0 P 0
L 8.83937 5.0872796 8.8984252 5.0872796 0 P 0
L 8.83937 5.1187756 8.8984252 5.1187756 0 P 0
L 8.8425197 0.7592126 8.8425197 0.8182678 0 P 0
L 8.8425197 0.7592126 8.8740157 0.7592126 0 P 0
L 8.8425197 0.8182678 8.8740157 0.8182678 0 P 0
L 8.8452756 1.3484252 8.8452756 1.4074804 0 P 0
L 8.8740157 0.7592126 8.8740157 0.8182678 0 P 0
L 8.8818898 3.2185039 8.8818898 3.2775591 0 P 0
L 8.8818898 3.2185039 8.9133858 3.2185039 0 P 0
L 8.8818898 3.2775591 8.9133858 3.2775591 0 P 0
L 8.8818898 3.8090551 8.8818898 3.8681103 0 P 0
L 8.8818898 3.8090551 8.9133858 3.8090551 0 P 0
L 8.8818898 3.8681103 8.9133858 3.8681103 0 P 0
L 8.8818898 4.3996063 8.8818898 4.4586615 0 P 0
L 8.8818898 4.3996063 8.9133858 4.3996063 0 P 0
L 8.8818898 4.4586615 8.9133858 4.4586615 0 P 0
L 8.8870078 0.8229922 8.8870078 0.8544882 0 P 0
L 8.8870078 0.8229922 8.946063 0.8229922 0 P 0
L 8.8870078 0.8544882 8.946063 0.8544882 0 P 0
L 8.8909481 0.2125985 8.8909481 0.2440945 0 P 0
L 8.8913386 1.6035433 8.8913386 1.7035433 0 P 0
L 8.8913386 1.6035433 9.6913386 1.6035433 0 P 0
L 8.8913386 1.7035433 9.6913386 1.7035433 0 P 0
L 8.8984252 5.0872796 8.8984252 5.1187756 0 P 0
L 8.9015748 0.6554724 8.9015748 0.7145276 0 P 0
L 8.9015748 0.6554724 8.9330708 0.6554724 0 P 0
L 8.9015748 0.7145276 8.9330708 0.7145276 0 P 0
L 8.9133858 3.2185039 8.9133858 3.2775591 0 P 0
L 8.9133858 3.8090551 8.9133858 3.8681103 0 P 0
L 8.9133858 4.3996063 8.9133858 4.4586615 0 P 0
L 8.9137796 1.3484252 8.9137796 1.4074804 0 P 0
L 8.9137796 1.3484252 8.9452756 1.3484252 0 P 0
L 8.9137796 1.4074804 8.9452756 1.4074804 0 P 0
L 8.9330708 0.6554724 8.9330708 0.7145276 0 P 0
L 8.93937 5.0872796 8.93937 5.1187756 0 P 0
L 8.93937 5.0872796 8.9984252 5.0872796 0 P 0
L 8.93937 5.1187756 8.9984252 5.1187756 0 P 0
L 8.9452756 1.3484252 8.9452756 1.4074804 0 P 0
L 8.946063 0.8229922 8.946063 0.8544882 0 P 0
L 8.96063 3.2185039 8.96063 3.2775591 0 P 0
L 8.96063 3.2185039 8.992126 3.2185039 0 P 0
L 8.96063 3.2775591 8.992126 3.2775591 0 P 0
L 8.992126 3.2185039 8.992126 3.2775591 0 P 0
L 8.9984252 5.0872796 8.9984252 5.1187756 0 P 0
L 9.0090551 3.6456693 9.0090551 3.6771653 0 P 0
L 9.0090551 3.6456693 9.0681103 3.6456693 0 P 0
L 9.0090551 3.6771653 9.0681103 3.6771653 0 P 0
L 9.0090551 4.2362205 9.0090551 4.2677165 0 P 0
L 9.0090551 4.2362205 9.0681103 4.2362205 0 P 0
L 9.0090551 4.2677165 9.0681103 4.2677165 0 P 0
L 9.0137796 1.3484252 9.0137796 1.4074804 0 P 0
L 9.0137796 1.3484252 9.0452756 1.3484252 0 P 0
L 9.0137796 1.4074804 9.0452756 1.4074804 0 P 0
L 9.03937 5.0872796 9.03937 5.1187756 0 P 0
L 9.03937 5.0872796 9.0984252 5.0872796 0 P 0
L 9.03937 5.1187756 9.0984252 5.1187756 0 P 0
L 9.0452756 1.3484252 9.0452756 1.4074804 0 P 0
L 9.0681103 3.6456693 9.0681103 3.6771653 0 P 0
L 9.0681103 4.2362205 9.0681103 4.2677165 0 P 0
L 9.0681133 0.2125985 9.0681133 0.2440945 0 P 0
L 9.0681133 0.2125985 9.1271685 0.2125985 0 P 0
L 9.0681133 0.2440945 9.1271685 0.2440945 0 P 0
L 9.0787402 0.7592126 9.0787402 0.8182678 0 P 0
L 9.0787402 0.7592126 9.1102362 0.7592126 0 P 0
L 9.0787402 0.8182678 9.1102362 0.8182678 0 P 0
L 9.0848976 5.3235747 9.0848976 5.5265747 0 P 0
L 9.0984252 5.0872796 9.0984252 5.1187756 0 P 0
L 9.1102362 0.7592126 9.1102362 0.8182678 0 P 0
L 9.1137796 1.3484252 9.1137796 1.4074804 0 P 0
L 9.1137796 1.3484252 9.1452756 1.3484252 0 P 0
L 9.1137796 1.4074804 9.1452756 1.4074804 0 P 0
L 9.1232283 0.8229922 9.1232283 0.8544882 0 P 0
L 9.1232283 0.8229922 9.1822835 0.8229922 0 P 0
L 9.1232283 0.8544882 9.1822835 0.8544882 0 P 0
L 9.1271685 0.2125985 9.1271685 0.2440945 0 P 0
L 9.1377953 0.6554724 9.1377953 0.7145276 0 P 0
L 9.1377953 0.6554724 9.1692913 0.6554724 0 P 0
L 9.1377953 0.7145276 9.1692913 0.7145276 0 P 0
L 9.1452756 1.3484252 9.1452756 1.4074804 0 P 0
L 9.1692913 0.6554724 9.1692913 0.7145276 0 P 0
L 9.1822835 0.8229922 9.1822835 0.8544882 0 P 0
L 9.2188976 5.1468505 9.2188976 5.2468505 0 P 0
L 9.3043338 0.2125985 9.3043338 0.2440945 0 P 0
L 9.3043338 0.2125985 9.363389 0.2125985 0 P 0
L 9.3043338 0.2440945 9.363389 0.2440945 0 P 0
L 9.3149607 0.7592126 9.3149607 0.8182678 0 P 0
L 9.3149607 0.7592126 9.3464567 0.7592126 0 P 0
L 9.3149607 0.8182678 9.3464567 0.8182678 0 P 0
L 9.3464567 0.7592126 9.3464567 0.8182678 0 P 0
L 9.3594488 0.8229922 9.3594488 0.8544882 0 P 0
L 9.3594488 0.8229922 9.418504 0.8229922 0 P 0
L 9.3594488 0.8544882 9.418504 0.8544882 0 P 0
L 9.363389 0.2125985 9.363389 0.2440945 0 P 0
L 9.3740158 0.6554724 9.3740158 0.7145276 0 P 0
L 9.3740158 0.6554724 9.4055118 0.6554724 0 P 0
L 9.3740158 0.7145276 9.4055118 0.7145276 0 P 0
L 9.4055118 0.6554724 9.4055118 0.7145276 0 P 0
L 9.418504 0.8229922 9.418504 0.8544882 0 P 0
L 9.4374016 1.3484252 9.4374016 1.4074804 0 P 0
L 9.4374016 1.3484252 9.4688976 1.3484252 0 P 0
L 9.4374016 1.4074804 9.4688976 1.4074804 0 P 0
L 9.4688976 1.3484252 9.4688976 1.4074804 0 P 0
L 9.5031496 5.1468505 10.1031496 5.1468505 0 P 0
L 9.5031496 5.1468505 9.5031496 5.2468505 0 P 0
L 9.5031496 5.2468505 10.1031496 5.2468505 0 P 0
L 9.5374016 1.3484252 9.5374016 1.4074804 0 P 0
L 9.5374016 1.3484252 9.5688976 1.3484252 0 P 0
L 9.5374016 1.4074804 9.5688976 1.4074804 0 P 0
L 9.5405543 0.2125985 9.5405543 0.2440945 0 P 0
L 9.5405543 0.2125985 9.5996095 0.2125985 0 P 0
L 9.5405543 0.2440945 9.5996095 0.2440945 0 P 0
L 9.544252 2.6614173 9.544252 2.7204725 0 P 0
L 9.544252 2.6614173 9.575748 2.6614173 0 P 0
L 9.544252 2.7204725 9.575748 2.7204725 0 P 0
L 9.544252 3.2519685 9.544252 3.3110237 0 P 0
L 9.544252 3.2519685 9.575748 3.2519685 0 P 0
L 9.544252 3.3110237 9.575748 3.3110237 0 P 0
L 9.544252 3.8425197 9.544252 3.9015749 0 P 0
L 9.544252 3.8425197 9.575748 3.8425197 0 P 0
L 9.544252 3.9015749 9.575748 3.9015749 0 P 0
L 9.544252 4.4330709 9.544252 4.4921261 0 P 0
L 9.544252 4.4330709 9.575748 4.4330709 0 P 0
L 9.544252 4.4921261 9.575748 4.4921261 0 P 0
L 9.5511811 0.7592126 9.5511811 0.8182678 0 P 0
L 9.5511811 0.7592126 9.5826771 0.7592126 0 P 0
L 9.5511811 0.8182678 9.5826771 0.8182678 0 P 0
L 9.5688976 1.3484252 9.5688976 1.4074804 0 P 0
L 9.575748 2.6614173 9.575748 2.7204725 0 P 0
L 9.575748 3.2519685 9.575748 3.3110237 0 P 0
L 9.575748 3.8425197 9.575748 3.9015749 0 P 0
L 9.575748 4.4330709 9.575748 4.4921261 0 P 0
L 9.5826771 0.7592126 9.5826771 0.8182678 0 P 0
L 9.584252 2.6622047 9.584252 2.7212599 0 P 0
L 9.584252 2.6622047 9.615748 2.6622047 0 P 0
L 9.584252 2.7212599 9.615748 2.7212599 0 P 0
L 9.584252 3.2527559 9.584252 3.3118111 0 P 0
L 9.584252 3.2527559 9.615748 3.2527559 0 P 0
L 9.584252 3.3118111 9.615748 3.3118111 0 P 0
L 9.584252 3.8433071 9.584252 3.9023623 0 P 0
L 9.584252 3.8433071 9.615748 3.8433071 0 P 0
L 9.584252 3.9023623 9.615748 3.9023623 0 P 0
L 9.584252 4.4338583 9.584252 4.4929135 0 P 0
L 9.584252 4.4338583 9.615748 4.4338583 0 P 0
L 9.584252 4.4929135 9.615748 4.4929135 0 P 0
L 9.5956693 0.8229922 9.5956693 0.8544882 0 P 0
L 9.5956693 0.8229922 9.6547245 0.8229922 0 P 0
L 9.5956693 0.8544882 9.6547245 0.8544882 0 P 0
L 9.5996095 0.2125985 9.5996095 0.2440945 0 P 0
L 9.6102363 0.6554724 9.6102363 0.7145276 0 P 0
L 9.6102363 0.6554724 9.6417323 0.6554724 0 P 0
L 9.6102363 0.7145276 9.6417323 0.7145276 0 P 0
L 9.615748 2.6622047 9.615748 2.7212599 0 P 0
L 9.615748 3.2527559 9.615748 3.3118111 0 P 0
L 9.615748 3.8433071 9.615748 3.9023623 0 P 0
L 9.615748 4.4338583 9.615748 4.4929135 0 P 0
L 9.6274409 2.7795276 9.6274409 2.8110236 0 P 0
L 9.6274409 2.7795276 9.6864961 2.7795276 0 P 0
L 9.6274409 2.8110236 9.6864961 2.8110236 0 P 0
L 9.6274409 3.3700788 9.6274409 3.4015748 0 P 0
L 9.6274409 3.3700788 9.6864961 3.3700788 0 P 0
L 9.6274409 3.4015748 9.6864961 3.4015748 0 P 0
L 9.6274409 3.96063 9.6274409 3.992126 0 P 0
L 9.6274409 3.96063 9.6864961 3.96063 0 P 0
L 9.6274409 3.992126 9.6864961 3.992126 0 P 0
L 9.6274409 4.5511811 9.6274409 4.5826771 0 P 0
L 9.6274409 4.5511811 9.6864961 4.5511811 0 P 0
L 9.6274409 4.5826771 9.6864961 4.5826771 0 P 0
L 9.6374016 1.3484252 9.6374016 1.4074804 0 P 0
L 9.6374016 1.3484252 9.6688976 1.3484252 0 P 0
L 9.6374016 1.4074804 9.6688976 1.4074804 0 P 0
L 9.6417323 0.6554724 9.6417323 0.7145276 0 P 0
L 9.6547245 0.8229922 9.6547245 0.8544882 0 P 0
L 9.6688976 1.3484252 9.6688976 1.4074804 0 P 0
L 9.6864961 2.7795276 9.6864961 2.8110236 0 P 0
L 9.6864961 3.3700788 9.6864961 3.4015748 0 P 0
L 9.6864961 3.96063 9.6864961 3.992126 0 P 0
L 9.6864961 4.5511811 9.6864961 4.5826771 0 P 0
L 9.6913386 1.6035433 9.6913386 1.7035433 0 P 0
L 9.6954724 2.503937 9.6954724 2.535433 0 P 0
L 9.6954724 2.503937 9.7545276 2.503937 0 P 0
L 9.6954724 2.535433 9.7545276 2.535433 0 P 0
L 9.6954724 2.7795276 9.6954724 2.8110236 0 P 0
L 9.6954724 2.7795276 9.7545276 2.7795276 0 P 0
L 9.6954724 2.8110236 9.7545276 2.8110236 0 P 0
L 9.6954724 3.0944882 9.6954724 3.1259842 0 P 0
L 9.6954724 3.0944882 9.7545276 3.0944882 0 P 0
L 9.6954724 3.1259842 9.7545276 3.1259842 0 P 0
L 9.6954724 3.3700788 9.6954724 3.4015748 0 P 0
L 9.6954724 3.3700788 9.7545276 3.3700788 0 P 0
L 9.6954724 3.4015748 9.7545276 3.4015748 0 P 0
L 9.6954724 3.6850394 9.6954724 3.7165354 0 P 0
L 9.6954724 3.6850394 9.7545276 3.6850394 0 P 0
L 9.6954724 3.7165354 9.7545276 3.7165354 0 P 0
L 9.6954724 3.96063 9.6954724 3.992126 0 P 0
L 9.6954724 3.96063 9.7545276 3.96063 0 P 0
L 9.6954724 3.992126 9.7545276 3.992126 0 P 0
L 9.6954724 4.2755906 9.6954724 4.3070866 0 P 0
L 9.6954724 4.2755906 9.7545276 4.2755906 0 P 0
L 9.6954724 4.3070866 9.7545276 4.3070866 0 P 0
L 9.6954724 4.5511811 9.6954724 4.5826771 0 P 0
L 9.6954724 4.5511811 9.7545276 4.5511811 0 P 0
L 9.6954724 4.5826771 9.7545276 4.5826771 0 P 0
L 9.7374016 1.3484252 9.7374016 1.4074804 0 P 0
L 9.7374016 1.3484252 9.7688976 1.3484252 0 P 0
L 9.7374016 1.4074804 9.7688976 1.4074804 0 P 0
L 9.7545276 2.503937 9.7545276 2.535433 0 P 0
L 9.7545276 2.7795276 9.7545276 2.8110236 0 P 0
L 9.7545276 3.0944882 9.7545276 3.1259842 0 P 0
L 9.7545276 3.3700788 9.7545276 3.4015748 0 P 0
L 9.7545276 3.6850394 9.7545276 3.7165354 0 P 0
L 9.7545276 3.96063 9.7545276 3.992126 0 P 0
L 9.7545276 4.2755906 9.7545276 4.3070866 0 P 0
L 9.7545276 4.5511811 9.7545276 4.5826771 0 P 0
L 9.7688976 1.3484252 9.7688976 1.4074804 0 P 0
L 9.7767747 0.2125985 9.7767747 0.2440945 0 P 0
L 9.7767747 0.2125985 9.8358299 0.2125985 0 P 0
L 9.7767747 0.2440945 9.8358299 0.2440945 0 P 0
L 9.7874016 0.7592126 9.7874016 0.8182678 0 P 0
L 9.7874016 0.7592126 9.8188976 0.7592126 0 P 0
L 9.7874016 0.8182678 9.8188976 0.8182678 0 P 0
L 9.8188976 0.7592126 9.8188976 0.8182678 0 P 0
L 9.8318897 0.8229922 9.8318897 0.8544882 0 P 0
L 9.8318897 0.8229922 9.8909449 0.8229922 0 P 0
L 9.8318897 0.8544882 9.8909449 0.8544882 0 P 0
L 9.8358299 0.2125985 9.8358299 0.2440945 0 P 0
L 9.8374016 1.3484252 9.8374016 1.4074804 0 P 0
L 9.8374016 1.3484252 9.8688976 1.3484252 0 P 0
L 9.8374016 1.4074804 9.8688976 1.4074804 0 P 0
L 9.8464567 0.6554724 9.8464567 0.7145276 0 P 0
L 9.8464567 0.6554724 9.8779527 0.6554724 0 P 0
L 9.8464567 0.7145276 9.8779527 0.7145276 0 P 0
L 9.8688976 1.3484252 9.8688976 1.4074804 0 P 0
L 9.8779527 0.6554724 9.8779527 0.7145276 0 P 0
L 9.8909449 0.8229922 9.8909449 0.8544882 0 P 0
L 9.8917322 2.5826772 9.8917322 2.6141732 0 P 0
L 9.8917322 2.5826772 9.9507874 2.5826772 0 P 0
L 9.8917322 2.6141732 9.9507874 2.6141732 0 P 0
L 9.8917322 2.6220473 9.8917322 2.6535433 0 P 0
L 9.8917322 2.6220473 9.9507874 2.6220473 0 P 0
L 9.8917322 2.6535433 9.9507874 2.6535433 0 P 0
L 9.8917322 2.6614174 9.8917322 2.6929134 0 P 0
L 9.8917322 2.6614174 9.9507874 2.6614174 0 P 0
L 9.8917322 2.6929134 9.9507874 2.6929134 0 P 0
L 9.8917322 2.7007874 9.8917322 2.7322834 0 P 0
L 9.8917322 2.7007874 9.9507874 2.7007874 0 P 0
L 9.8917322 2.7322834 9.9507874 2.7322834 0 P 0
L 9.8917322 3.1732284 9.8917322 3.2047244 0 P 0
L 9.8917322 3.1732284 9.9507874 3.1732284 0 P 0
L 9.8917322 3.2047244 9.9507874 3.2047244 0 P 0
L 9.8917322 3.2125985 9.8917322 3.2440945 0 P 0
L 9.8917322 3.2125985 9.9507874 3.2125985 0 P 0
L 9.8917322 3.2440945 9.9507874 3.2440945 0 P 0
L 9.8917322 3.2519685 9.8917322 3.2834645 0 P 0
L 9.8917322 3.2519685 9.9507874 3.2519685 0 P 0
L 9.8917322 3.2834645 9.9507874 3.2834645 0 P 0
L 9.8917322 3.2913386 9.8917322 3.3228346 0 P 0
L 9.8917322 3.2913386 9.9507874 3.2913386 0 P 0
L 9.8917322 3.3228346 9.9507874 3.3228346 0 P 0
L 9.8917322 3.7637796 9.8917322 3.7952756 0 P 0
L 9.8917322 3.7637796 9.9507874 3.7637796 0 P 0
L 9.8917322 3.7952756 9.9507874 3.7952756 0 P 0
L 9.8917322 3.8031496 9.8917322 3.8346456 0 P 0
L 9.8917322 3.8031496 9.9507874 3.8031496 0 P 0
L 9.8917322 3.8346456 9.9507874 3.8346456 0 P 0
L 9.8917322 3.8425197 9.8917322 3.8740157 0 P 0
L 9.8917322 3.8425197 9.9507874 3.8425197 0 P 0
L 9.8917322 3.8740157 9.9507874 3.8740157 0 P 0
L 9.8917322 3.8818898 9.8917322 3.9133858 0 P 0
L 9.8917322 3.8818898 9.9507874 3.8818898 0 P 0
L 9.8917322 3.9133858 9.9507874 3.9133858 0 P 0
L 9.8917322 4.3543308 9.8917322 4.3858268 0 P 0
L 9.8917322 4.3543308 9.9507874 4.3543308 0 P 0
L 9.8917322 4.3858268 9.9507874 4.3858268 0 P 0
L 9.8917322 4.3937009 9.8917322 4.4251969 0 P 0
L 9.8917322 4.3937009 9.9507874 4.3937009 0 P 0
L 9.8917322 4.4251969 9.9507874 4.4251969 0 P 0
L 9.8917322 4.433071 9.8917322 4.464567 0 P 0
L 9.8917322 4.433071 9.9507874 4.433071 0 P 0
L 9.8917322 4.464567 9.9507874 4.464567 0 P 0
L 9.8917322 4.4724411 9.8917322 4.5039371 0 P 0
L 9.8917322 4.4724411 9.9507874 4.4724411 0 P 0
L 9.8917322 4.5039371 9.9507874 4.5039371 0 P 0
L 9.9374016 1.3484252 9.9374016 1.4074804 0 P 0
L 9.9374016 1.3484252 9.9688976 1.3484252 0 P 0
L 9.9374016 1.4074804 9.9688976 1.4074804 0 P 0
L 9.9507874 2.5826772 9.9507874 2.6141732 0 P 0
L 9.9507874 2.6220473 9.9507874 2.6535433 0 P 0
L 9.9507874 2.6614174 9.9507874 2.6929134 0 P 0
L 9.9507874 2.7007874 9.9507874 2.7322834 0 P 0
L 9.9507874 3.1732284 9.9507874 3.2047244 0 P 0
L 9.9507874 3.2125985 9.9507874 3.2440945 0 P 0
L 9.9507874 3.2519685 9.9507874 3.2834645 0 P 0
L 9.9507874 3.2913386 9.9507874 3.3228346 0 P 0
L 9.9507874 3.7637796 9.9507874 3.7952756 0 P 0
L 9.9507874 3.8031496 9.9507874 3.8346456 0 P 0
L 9.9507874 3.8425197 9.9507874 3.8740157 0 P 0
L 9.9507874 3.8818898 9.9507874 3.9133858 0 P 0
L 9.9507874 4.3543308 9.9507874 4.3858268 0 P 0
L 9.9507874 4.3937009 9.9507874 4.4251969 0 P 0
L 9.9507874 4.433071 9.9507874 4.464567 0 P 0
L 9.9507874 4.4724411 9.9507874 4.5039371 0 P 0
L 9.9688976 1.3484252 9.9688976 1.4074804 0 P 0
