#Layer_Color=16711935
#
#Feature symbol names
#
$0 r39.3701
$1 r3.937
$2 r5
$3 r7.874

#
#Feature attribute names
#

#
#Layer features
#
A 0.7614882 5.1574803 0.7614882 5.1574803 0.7575512 5.1574803 0 P 0 N
L 0.2362205 0.7670867 0.2362205 0.8103937 1 P 0
L 0.2362205 0.7670867 0.2755905 0.7670867 1 P 0
L 0.2362205 0.8103937 0.2755905 0.8103937 1 P 0
L 0.2755905 0.7670867 0.2755905 0.8103937 1 P 0
L 0.3838583 5.0669291 0.3838583 5.5393701 2 P 0
L 0.3838583 5.0669291 0.718504 5.0669291 2 P 0
L 0.3838583 5.5393701 0.718504 5.5393701 2 P 0
L 0.468504 3.8673229 0.468504 4.0066929 2 P 0
L 0.468504 3.8673229 0.7125984 3.8673229 2 P 0
L 0.468504 4.0066929 0.7125984 4.0066929 2 P 0
L 0.472441 0.7670867 0.472441 0.8103937 1 P 0
L 0.472441 0.7670867 0.511811 0.7670867 1 P 0
L 0.472441 0.8103937 0.511811 0.8103937 1 P 0
L 0.511811 0.7670867 0.511811 0.8103937 1 P 0
L 0.5472441 2.6617717 0.5472441 2.8011417 2 P 0
L 0.5472441 2.6617717 0.7913385 2.6617717 2 P 0
L 0.5472441 2.8011417 0.7913385 2.8011417 2 P 0
L 0.7086615 0.7670867 0.7086615 0.8103937 1 P 0
L 0.7086615 0.7670867 0.7480315 0.7670867 1 P 0
L 0.7086615 0.8103937 0.7480315 0.8103937 1 P 0
L 0.7125984 3.8673229 0.7125984 4.0066929 2 P 0
L 0.718504 5.0669291 0.718504 5.5393701 2 P 0
L 0.7480315 0.7670867 0.7480315 0.8103937 1 P 0
L 0.7913385 2.6617717 0.7913385 2.8011417 2 P 0
L 0.9448819 0.7670867 0.9448819 0.8103937 1 P 0
L 0.9448819 0.7670867 0.9842519 0.7670867 1 P 0
L 0.9448819 0.8103937 0.9842519 0.8103937 1 P 0
L 0.966622 5.2599606 0.966622 5.3699606 1 P 0
L 0.966622 5.2599606 1.080622 5.2599606 1 P 0
L 0.966622 5.3699606 1.080622 5.3699606 1 P 0
L 0.9842519 0.7670867 0.9842519 0.8103937 1 P 0
L 1.080622 5.2599606 1.080622 5.3699606 1 P 0
L 1.1102362 3.3681103 1.1102362 3.4822835 1 P 0
L 1.1102362 3.3681103 1.1732284 3.3681103 1 P 0
L 1.1102362 3.4448819 1.1476378 3.4822835 1 P 0
L 1.1102362 3.4822835 1.1732284 3.4822835 1 P 0
L 1.1732284 3.3681103 1.1732284 3.4822835 1 P 0
L 1.1811024 0.7670867 1.1811024 0.8103937 1 P 0
L 1.1811024 0.7670867 1.2204724 0.7670867 1 P 0
L 1.1811024 0.8103937 1.2204724 0.8103937 1 P 0
L 1.2204724 0.7670867 1.2204724 0.8103937 1 P 0
L 1.4173229 0.7670867 1.4173229 0.8103937 1 P 0
L 1.4173229 0.7670867 1.4566929 0.7670867 1 P 0
L 1.4173229 0.8103937 1.4566929 0.8103937 1 P 0
L 1.4566929 0.7670867 1.4566929 0.8103937 1 P 0
L 1.5314961 2.640315 1.5314961 2.779685 2 P 0
L 1.5314961 2.640315 1.7755905 2.640315 2 P 0
L 1.5314961 2.779685 1.7755905 2.779685 2 P 0
L 1.6535433 0.7670867 1.6535433 0.8103937 1 P 0
L 1.6535433 0.7670867 1.6929133 0.7670867 1 P 0
L 1.6535433 0.8103937 1.6929133 0.8103937 1 P 0
L 1.6775592 5.3102757 1.6775592 5.3535827 1 P 0
L 1.6775592 5.3102757 1.7169292 5.3102757 1 P 0
L 1.6775592 5.3535827 1.7169292 5.3535827 1 P 0
L 1.6929133 0.7670867 1.6929133 0.8103937 1 P 0
L 1.7169292 5.3102757 1.7169292 5.3535827 1 P 0
L 1.7755905 2.640315 1.7755905 2.779685 2 P 0
L 1.7775592 5.3102757 1.7775592 5.3535827 1 P 0
L 1.7775592 5.3102757 1.8169292 5.3102757 1 P 0
L 1.7775592 5.3535827 1.8169292 5.3535827 1 P 0
L 1.8169292 5.3102757 1.8169292 5.3535827 1 P 0
L 1.8775592 5.3102757 1.8775592 5.3535827 1 P 0
L 1.8775592 5.3102757 1.9169292 5.3102757 1 P 0
L 1.8775592 5.3535827 1.9169292 5.3535827 1 P 0
L 1.8897638 0.7670867 1.8897638 0.8103937 1 P 0
L 1.8897638 0.7670867 1.9291338 0.7670867 1 P 0
L 1.8897638 0.8103937 1.9291338 0.8103937 1 P 0
L 1.9094489 3.8366142 1.9094489 3.8799212 1 P 0
L 1.9094489 3.8366142 1.9488189 3.8366142 1 P 0
L 1.9094489 3.8799212 1.9488189 3.8799212 1 P 0
L 1.9094489 4.0728347 1.9094489 4.1161417 1 P 0
L 1.9094489 4.0728347 1.9488189 4.0728347 1 P 0
L 1.9094489 4.1161417 1.9488189 4.1161417 1 P 0
L 1.9169292 5.3102757 1.9169292 5.3535827 1 P 0
L 1.9291338 0.7670867 1.9291338 0.8103937 1 P 0
L 1.9488189 3.8366142 1.9488189 3.8799212 1 P 0
L 1.9488189 4.0728347 1.9488189 4.1161417 1 P 0
L 1.9775592 5.3102757 1.9775592 5.3535827 1 P 0
L 1.9775592 5.3102757 2.0169292 5.3102757 1 P 0
L 1.9775592 5.3535827 2.0169292 5.3535827 1 P 0
L 10.0787402 0.7670867 10.0787402 0.8103937 1 P 0
L 10.0787402 0.7670867 10.1181102 0.7670867 1 P 0
L 10.0787402 0.8103937 10.1181102 0.8103937 1 P 0
L 10.1181102 0.7670867 10.1181102 0.8103937 1 P 0
L 10.1743701 2.4954803 10.1743701 2.8194803 1 P 0
L 10.1743701 3.0860315 10.1743701 3.4100315 1 P 0
L 10.1743701 3.6765827 10.1743701 4.0005827 1 P 0
L 10.1743701 4.2671339 10.1743701 4.5911339 1 P 0
L 2.0169292 5.3102757 2.0169292 5.3535827 1 P 0
L 2.0775592 5.3102757 2.0775592 5.3535827 1 P 0
L 2.0775592 5.3102757 2.1169292 5.3102757 1 P 0
L 2.0775592 5.3535827 2.1169292 5.3535827 1 P 0
L 2.1169292 5.3102757 2.1169292 5.3535827 1 P 0
L 2.1775592 5.3102757 2.1775592 5.3535827 1 P 0
L 2.1775592 5.3102757 2.2169292 5.3102757 1 P 0
L 2.1775592 5.3535827 2.2169292 5.3535827 1 P 0
L 2.2169292 5.3102757 2.2169292 5.3535827 1 P 0
L 2.2834646 0.7670867 2.2834646 0.8103937 1 P 0
L 2.2834646 0.7670867 2.3228346 0.7670867 1 P 0
L 2.2834646 0.8103937 2.3228346 0.8103937 1 P 0
L 2.3228346 0.7670867 2.3228346 0.8103937 1 P 0
L 2.5196851 0.7670867 2.5196851 0.8103937 1 P 0
L 2.5196851 0.7670867 2.5590551 0.7670867 1 P 0
L 2.5196851 0.8103937 2.5590551 0.8103937 1 P 0
L 2.5590551 0.7670867 2.5590551 0.8103937 1 P 0
L 2.7559055 0.7670867 2.7559055 0.8103937 1 P 0
L 2.7559055 0.7670867 2.7952755 0.7670867 1 P 0
L 2.7559055 0.8103937 2.7952755 0.8103937 1 P 0
L 2.7614961 5.3231416 2.7614961 5.5214959 3 P 0
L 2.7614961 5.3231416 3.3004961 5.3231416 3 P 0
L 2.7614961 5.5214959 3.3004961 5.5214959 3 P 0
L 2.7952755 0.7670867 2.7952755 0.8103937 1 P 0
L 2.992126 0.7670867 2.992126 0.8103937 1 P 0
L 2.992126 0.7670867 3.031496 0.7670867 1 P 0
L 2.992126 0.8103937 3.031496 0.8103937 1 P 0
L 3.031496 0.7670867 3.031496 0.8103937 1 P 0
L 3.2283465 0.7670867 3.2283465 0.8103937 1 P 0
L 3.2283465 0.7670867 3.2677165 0.7670867 1 P 0
L 3.2283465 0.8103937 3.2677165 0.8103937 1 P 0
L 3.2677165 0.7670867 3.2677165 0.8103937 1 P 0
L 3.3004961 5.3231416 3.3004961 5.5214959 3 P 0
L 3.464567 0.7670867 3.464567 0.8103937 1 P 0
L 3.464567 0.7670867 3.503937 0.7670867 1 P 0
L 3.464567 0.8103937 3.503937 0.8103937 1 P 0
L 3.503937 0.7670867 3.503937 0.8103937 1 P 0
L 3.6276378 5.3231416 3.6276378 5.5214959 3 P 0
L 3.6276378 5.3231416 4.1666378 5.3231416 3 P 0
L 3.6276378 5.5214959 4.1666378 5.5214959 3 P 0
L 3.7007875 0.7670867 3.7007875 0.8103937 1 P 0
L 3.7007875 0.7670867 3.7401575 0.7670867 1 P 0
L 3.7007875 0.8103937 3.7401575 0.8103937 1 P 0
L 3.7401575 0.7670867 3.7401575 0.8103937 1 P 0
L 3.9370079 0.7670867 3.9370079 0.8103937 1 P 0
L 3.9370079 0.7670867 3.9763779 0.7670867 1 P 0
L 3.9370079 0.8103937 3.9763779 0.8103937 1 P 0
L 3.9763779 0.7670867 3.9763779 0.8103937 1 P 0
L 4.1666378 5.3231416 4.1666378 5.5214959 3 P 0
L 4.3307087 0.7670867 4.3307087 0.8103937 1 P 0
L 4.3307087 0.7670867 4.3700787 0.7670867 1 P 0
L 4.3307087 0.8103937 4.3700787 0.8103937 1 P 0
L 4.3700787 0.7670867 4.3700787 0.8103937 1 P 0
L 4.5669292 0.7670867 4.5669292 0.8103937 1 P 0
L 4.5669292 0.7670867 4.6062992 0.7670867 1 P 0
L 4.5669292 0.8103937 4.6062992 0.8103937 1 P 0
L 4.6062992 0.7670867 4.6062992 0.8103937 1 P 0
L 4.7586614 3.1024724 4.7586614 4.1254724 3 P 0
L 4.7586614 3.1024724 5.5056614 3.1024724 3 P 0
L 4.7586614 4.1254724 5.5056614 4.1254724 3 P 0
L 4.8031496 0.7670867 4.8031496 0.8103937 1 P 0
L 4.8031496 0.7670867 4.8425196 0.7670867 1 P 0
L 4.8031496 0.8103937 4.8425196 0.8103937 1 P 0
L 4.8122048 5.3102757 4.8122048 5.3535827 1 P 0
L 4.8122048 5.3102757 4.8515748 5.3102757 1 P 0
L 4.8122048 5.3535827 4.8515748 5.3535827 1 P 0
L 4.8425196 0.7670867 4.8425196 0.8103937 1 P 0
L 4.8515748 5.3102757 4.8515748 5.3535827 1 P 0
L 4.9122048 5.3102757 4.9122048 5.3535827 1 P 0
L 4.9122048 5.3102757 4.9515748 5.3102757 1 P 0
L 4.9122048 5.3535827 4.9515748 5.3535827 1 P 0
L 4.9515748 5.3102757 4.9515748 5.3535827 1 P 0
L 5.0122048 5.3102757 5.0122048 5.3535827 1 P 0
L 5.0122048 5.3102757 5.0515748 5.3102757 1 P 0
L 5.0122048 5.3535827 5.0515748 5.3535827 1 P 0
L 5.0393701 0.7670867 5.0393701 0.8103937 1 P 0
L 5.0393701 0.7670867 5.0787401 0.7670867 1 P 0
L 5.0393701 0.8103937 5.0787401 0.8103937 1 P 0
L 5.0515748 5.3102757 5.0515748 5.3535827 1 P 0
L 5.0787401 0.7670867 5.0787401 0.8103937 1 P 0
L 5.1122048 5.3102757 5.1122048 5.3535827 1 P 0
L 5.1122048 5.3102757 5.1515748 5.3102757 1 P 0
L 5.1122048 5.3535827 5.1515748 5.3535827 1 P 0
L 5.1515748 5.3102757 5.1515748 5.3535827 1 P 0
L 5.2103544 5.3102757 5.2103544 5.3535827 1 P 0
L 5.2103544 5.3102757 5.2497244 5.3102757 1 P 0
L 5.2103544 5.3535827 5.2497244 5.3535827 1 P 0
L 5.2497244 5.3102757 5.2497244 5.3535827 1 P 0
L 5.2755906 0.7670867 5.2755906 0.8103937 1 P 0
L 5.2755906 0.7670867 5.3149606 0.7670867 1 P 0
L 5.2755906 0.8103937 5.3149606 0.8103937 1 P 0
L 5.3149606 0.7670867 5.3149606 0.8103937 1 P 0
L 5.5056614 3.1024724 5.5056614 4.1254724 3 P 0
L 5.5118111 0.7670867 5.5118111 0.8103937 1 P 0
L 5.5118111 0.7670867 5.5511811 0.7670867 1 P 0
L 5.5118111 0.8103937 5.5511811 0.8103937 1 P 0
L 5.5511811 0.7670867 5.5511811 0.8103937 1 P 0
L 5.5964568 5.3102757 5.5964568 5.3535827 1 P 0
L 5.5964568 5.3102757 5.6358268 5.3102757 1 P 0
L 5.5964568 5.3535827 5.6358268 5.3535827 1 P 0
L 5.6358268 5.3102757 5.6358268 5.3535827 1 P 0
L 5.6964568 5.3102757 5.6964568 5.3535827 1 P 0
L 5.6964568 5.3102757 5.7358268 5.3102757 1 P 0
L 5.6964568 5.3535827 5.7358268 5.3535827 1 P 0
L 5.7358268 5.3102757 5.7358268 5.3535827 1 P 0
L 5.7480315 0.7670867 5.7480315 0.8103937 1 P 0
L 5.7480315 0.7670867 5.7874015 0.7670867 1 P 0
L 5.7480315 0.8103937 5.7874015 0.8103937 1 P 0
L 5.7874015 0.7670867 5.7874015 0.8103937 1 P 0
L 5.7964568 5.3102757 5.7964568 5.3535827 1 P 0
L 5.7964568 5.3102757 5.8358268 5.3102757 1 P 0
L 5.7964568 5.3535827 5.8358268 5.3535827 1 P 0
L 5.8358268 5.3102757 5.8358268 5.3535827 1 P 0
L 5.8964568 5.3102757 5.8964568 5.3535827 1 P 0
L 5.8964568 5.3102757 5.9358268 5.3102757 1 P 0
L 5.8964568 5.3535827 5.9358268 5.3535827 1 P 0
L 5.9358268 5.3102757 5.9358268 5.3535827 1 P 0
L 5.984252 0.7670867 5.984252 0.8103937 1 P 0
L 5.984252 0.7670867 6.023622 0.7670867 1 P 0
L 5.984252 0.8103937 6.023622 0.8103937 1 P 0
L 5.9964568 5.3102757 5.9964568 5.3535827 1 P 0
L 5.9964568 5.3102757 6.0358268 5.3102757 1 P 0
L 5.9964568 5.3535827 6.0358268 5.3535827 1 P 0
L 6.023622 0.7670867 6.023622 0.8103937 1 P 0
L 6.0358268 5.3102757 6.0358268 5.3535827 1 P 0
L 6.0964568 5.3102757 6.0964568 5.3535827 1 P 0
L 6.0964568 5.3102757 6.1358268 5.3102757 1 P 0
L 6.0964568 5.3535827 6.1358268 5.3535827 1 P 0
L 6.1358268 5.3102757 6.1358268 5.3535827 1 P 0
L 6.3779528 0.7670867 6.3779528 0.8103937 1 P 0
L 6.3779528 0.7670867 6.4173228 0.7670867 1 P 0
L 6.3779528 0.8103937 6.4173228 0.8103937 1 P 0
L 6.4173228 0.7670867 6.4173228 0.8103937 1 P 0
L 6.6141733 0.7670867 6.6141733 0.8103937 1 P 0
L 6.6141733 0.7670867 6.6535433 0.7670867 1 P 0
L 6.6141733 0.8103937 6.6535433 0.8103937 1 P 0
L 6.6535433 0.7670867 6.6535433 0.8103937 1 P 0
L 6.8503937 0.7670867 6.8503937 0.8103937 1 P 0
L 6.8503937 0.7670867 6.8897637 0.7670867 1 P 0
L 6.8503937 0.8103937 6.8897637 0.8103937 1 P 0
L 6.8897637 0.7670867 6.8897637 0.8103937 1 P 0
L 7.0866142 0.7670867 7.0866142 0.8103937 1 P 0
L 7.0866142 0.7670867 7.1259842 0.7670867 1 P 0
L 7.0866142 0.8103937 7.1259842 0.8103937 1 P 0
L 7.1259842 0.7670867 7.1259842 0.8103937 1 P 0
L 7.3228347 0.7670867 7.3228347 0.8103937 1 P 0
L 7.3228347 0.7670867 7.3622047 0.7670867 1 P 0
L 7.3228347 0.8103937 7.3622047 0.8103937 1 P 0
L 7.3622047 0.7670867 7.3622047 0.8103937 1 P 0
L 7.4465354 5.3231416 7.4465354 5.5214959 3 P 0
L 7.4465354 5.3231416 7.9855354 5.3231416 3 P 0
L 7.4465354 5.5214959 7.9855354 5.5214959 3 P 0
L 7.5590552 0.7670867 7.5590552 0.8103937 1 P 0
L 7.5590552 0.7670867 7.5984252 0.7670867 1 P 0
L 7.5590552 0.8103937 7.5984252 0.8103937 1 P 0
L 7.5984252 0.7670867 7.5984252 0.8103937 1 P 0
L 7.6181103 3.1673229 7.6181103 3.2106299 1 P 0
L 7.6181103 3.1673229 7.6574803 3.1673229 1 P 0
L 7.6181103 3.2106299 7.6574803 3.2106299 1 P 0
L 7.6181103 3.7578741 7.6181103 3.8011811 1 P 0
L 7.6181103 3.7578741 7.6574803 3.7578741 1 P 0
L 7.6181103 3.8011811 7.6574803 3.8011811 1 P 0
L 7.6181103 4.3484252 7.6181103 4.3917322 1 P 0
L 7.6181103 4.3484252 7.6574803 4.3484252 1 P 0
L 7.6181103 4.3917322 7.6574803 4.3917322 1 P 0
L 7.6574803 3.1673229 7.6574803 3.2106299 1 P 0
L 7.6574803 3.7578741 7.6574803 3.8011811 1 P 0
L 7.6574803 4.3484252 7.6574803 4.3917322 1 P 0
L 7.7913387 3.1783465 7.7913387 3.3177165 2 P 0
L 7.7913387 3.1783465 8.0354331 3.1783465 2 P 0
L 7.7913387 3.3177165 8.0354331 3.3177165 2 P 0
L 7.7913387 3.7688977 7.7913387 3.9082677 2 P 0
L 7.7913387 3.7688977 8.0354331 3.7688977 2 P 0
L 7.7913387 3.9082677 8.0354331 3.9082677 2 P 0
L 7.7913387 4.3594489 7.7913387 4.4988189 2 P 0
L 7.7913387 4.3594489 8.0354331 4.3594489 2 P 0
L 7.7913387 4.4988189 8.0354331 4.4988189 2 P 0
L 7.7952756 0.7670867 7.7952756 0.8103937 1 P 0
L 7.7952756 0.7670867 7.8346456 0.7670867 1 P 0
L 7.7952756 0.8103937 7.8346456 0.8103937 1 P 0
L 7.8346456 0.7670867 7.8346456 0.8103937 1 P 0
L 7.9855354 5.3231416 7.9855354 5.5214959 3 P 0
L 8.0314961 0.7670867 8.0314961 0.8103937 1 P 0
L 8.0314961 0.7670867 8.0708661 0.7670867 1 P 0
L 8.0314961 0.8103937 8.0708661 0.8103937 1 P 0
L 8.0354331 3.1783465 8.0354331 3.3177165 2 P 0
L 8.0354331 3.7688977 8.0354331 3.9082677 2 P 0
L 8.0354331 4.3594489 8.0354331 4.4988189 2 P 0
L 8.0708661 0.7670867 8.0708661 0.8103937 1 P 0
L 8.4251969 0.7670867 8.4251969 0.8103937 1 P 0
L 8.4251969 0.7670867 8.4645669 0.7670867 1 P 0
L 8.4251969 0.8103937 8.4645669 0.8103937 1 P 0
L 8.4645669 0.7670867 8.4645669 0.8103937 1 P 0
L 8.5488976 5.3231416 8.5488976 5.5214959 3 P 0
L 8.5488976 5.3231416 9.0878976 5.3231416 3 P 0
L 8.5488976 5.5214959 9.0878976 5.5214959 3 P 0
L 8.6614174 0.7670867 8.6614174 0.8103937 1 P 0
L 8.6614174 0.7670867 8.7007874 0.7670867 1 P 0
L 8.6614174 0.8103937 8.7007874 0.8103937 1 P 0
L 8.7007874 0.7670867 8.7007874 0.8103937 1 P 0
L 8.7992126 3.226378 8.7992126 3.269685 1 P 0
L 8.7992126 3.226378 8.8385826 3.226378 1 P 0
L 8.7992126 3.269685 8.8385826 3.269685 1 P 0
L 8.7992126 3.8169292 8.7992126 3.8602362 1 P 0
L 8.7992126 3.8169292 8.8385826 3.8169292 1 P 0
L 8.7992126 3.8602362 8.8385826 3.8602362 1 P 0
L 8.7992126 4.4074804 8.7992126 4.4507874 1 P 0
L 8.7992126 4.4074804 8.8385826 4.4074804 1 P 0
L 8.7992126 4.4507874 8.8385826 4.4507874 1 P 0
L 8.8385826 3.226378 8.8385826 3.269685 1 P 0
L 8.8385826 3.8169292 8.8385826 3.8602362 1 P 0
L 8.8385826 4.4074804 8.8385826 4.4507874 1 P 0
L 8.8976378 0.7670867 8.8976378 0.8103937 1 P 0
L 8.8976378 0.7670867 8.9370078 0.7670867 1 P 0
L 8.8976378 0.8103937 8.9370078 0.8103937 1 P 0
L 8.9370078 0.7670867 8.9370078 0.8103937 1 P 0
L 9.0878976 5.3231416 9.0878976 5.5214959 3 P 0
L 9.1338583 0.7670867 9.1338583 0.8103937 1 P 0
L 9.1338583 0.7670867 9.1732283 0.7670867 1 P 0
L 9.1338583 0.8103937 9.1732283 0.8103937 1 P 0
L 9.1732283 0.7670867 9.1732283 0.8103937 1 P 0
L 9.3700788 0.7670867 9.3700788 0.8103937 1 P 0
L 9.3700788 0.7670867 9.4094488 0.7670867 1 P 0
L 9.3700788 0.8103937 9.4094488 0.8103937 1 P 0
L 9.4094488 0.7670867 9.4094488 0.8103937 1 P 0
L 9.6062993 0.7670867 9.6062993 0.8103937 1 P 0
L 9.6062993 0.7670867 9.6456693 0.7670867 1 P 0
L 9.6062993 0.8103937 9.6456693 0.8103937 1 P 0
L 9.631 2.5934803 9.631 2.7214803 1 P 0
L 9.631 2.5934803 9.749 2.5934803 1 P 0
L 9.631 2.7214803 9.749 2.7214803 1 P 0
L 9.631 3.1840315 9.631 3.3120315 1 P 0
L 9.631 3.1840315 9.749 3.1840315 1 P 0
L 9.631 3.3120315 9.749 3.3120315 1 P 0
L 9.631 3.7745827 9.631 3.9025827 1 P 0
L 9.631 3.7745827 9.749 3.7745827 1 P 0
L 9.631 3.9025827 9.749 3.9025827 1 P 0
L 9.631 4.3651339 9.631 4.4931339 1 P 0
L 9.631 4.3651339 9.749 4.3651339 1 P 0
L 9.631 4.4931339 9.749 4.4931339 1 P 0
L 9.6456693 0.7670867 9.6456693 0.8103937 1 P 0
L 9.749 2.5934803 9.749 2.7214803 1 P 0
L 9.749 3.1840315 9.749 3.3120315 1 P 0
L 9.749 3.7745827 9.749 3.9025827 1 P 0
L 9.749 4.3651339 9.749 4.4931339 1 P 0
L 9.8425197 0.7670867 9.8425197 0.8103937 1 P 0
L 9.8425197 0.7670867 9.8818897 0.7670867 1 P 0
L 9.8425197 0.8103937 9.8818897 0.8103937 1 P 0
L 9.8818897 0.7670867 9.8818897 0.8103937 1 P 0
L 9.9913701 2.4954803 10.1743701 2.4954803 1 P 0
L 9.9913701 2.4954803 9.9913701 2.8194803 1 P 0
L 9.9913701 2.8194803 10.1743701 2.8194803 1 P 0
L 9.9913701 3.0860315 10.1743701 3.0860315 1 P 0
L 9.9913701 3.0860315 9.9913701 3.4100315 1 P 0
L 9.9913701 3.4100315 10.1743701 3.4100315 1 P 0
L 9.9913701 3.6765827 10.1743701 3.6765827 1 P 0
L 9.9913701 3.6765827 9.9913701 4.0005827 1 P 0
L 9.9913701 4.0005827 10.1743701 4.0005827 1 P 0
L 9.9913701 4.2671339 10.1743701 4.2671339 1 P 0
L 9.9913701 4.2671339 9.9913701 4.5911339 1 P 0
L 9.9913701 4.5911339 10.1743701 4.5911339 1 P 0
