#Layer_Color=16711935
#
#Feature symbol names
#
$0 r1.9685
$1 r3.937

#
#Feature attribute names
#

#
#Layer features
#
L 0.1673228 0.0466536 0.1673228 0.0781497 0 P 0
L 0.1673228 0.0466536 0.226378 0.0466536 0 P 0
L 0.1673228 0.0781497 0.226378 0.0781497 0 P 0
L 0.1673228 0.0966536 0.1673228 0.1281497 0 P 0
L 0.1673228 0.0966536 0.226378 0.0966536 0 P 0
L 0.1673228 0.1281497 0.226378 0.1281497 0 P 0
L 0.1673228 0.1466536 0.1673228 0.1781497 0 P 0
L 0.1673228 0.1466536 0.226378 0.1466536 0 P 0
L 0.1673228 0.1781497 0.226378 0.1781497 0 P 0
L 0.1673228 0.2466536 0.1673228 0.2781497 0 P 0
L 0.1673228 0.2466536 0.226378 0.2466536 0 P 0
L 0.1673228 0.2781497 0.226378 0.2781497 0 P 0
L 0.1673228 0.2966536 0.1673228 0.3281497 0 P 0
L 0.1673228 0.2966536 0.226378 0.2966536 0 P 0
L 0.1673228 0.3281497 0.226378 0.3281497 0 P 0
L 0.1673228 0.3466536 0.1673228 0.3781497 0 P 0
L 0.1673228 0.3466536 0.226378 0.3466536 0 P 0
L 0.1673228 0.3781497 0.226378 0.3781497 0 P 0
L 0.1673228 0.3966536 0.1673228 0.4281497 0 P 0
L 0.1673228 0.3966536 0.226378 0.3966536 0 P 0
L 0.1673228 0.4281497 0.226378 0.4281497 0 P 0
L 0.1673228 0.4466536 0.1673228 0.4781497 0 P 0
L 0.1673228 0.4466536 0.226378 0.4466536 0 P 0
L 0.1673228 0.4781497 0.226378 0.4781497 0 P 0
L 0.1673228 0.4966536 0.1673228 0.5281497 0 P 0
L 0.1673228 0.4966536 0.226378 0.4966536 0 P 0
L 0.1673228 0.5281497 0.226378 0.5281497 0 P 0
L 0.1673228 0.5466536 0.1673228 0.5781497 0 P 0
L 0.1673228 0.5466536 0.226378 0.5466536 0 P 0
L 0.1673228 0.5781497 0.226378 0.5781497 0 P 0
L 0.1673228 0.5966536 0.1673228 0.6281497 0 P 0
L 0.1673228 0.5966536 0.226378 0.5966536 0 P 0
L 0.1673228 0.6281497 0.226378 0.6281497 0 P 0
L 0.1673228 0.6466536 0.1673228 0.6781497 0 P 0
L 0.1673228 0.6466536 0.226378 0.6466536 0 P 0
L 0.1673228 0.6781497 0.226378 0.6781497 0 P 0
L 0.1673228 0.6966536 0.1673228 0.7281497 0 P 0
L 0.1673228 0.6966536 0.226378 0.6966536 0 P 0
L 0.1673228 0.7281497 0.226378 0.7281497 0 P 0
L 0.1673228 0.7466536 0.1673228 0.7781497 0 P 0
L 0.1673228 0.7466536 0.226378 0.7466536 0 P 0
L 0.1673228 0.7781497 0.226378 0.7781497 0 P 0
L 0.1673228 0.7966536 0.1673228 0.8281497 0 P 0
L 0.1673228 0.7966536 0.226378 0.7966536 0 P 0
L 0.1673228 0.8281497 0.226378 0.8281497 0 P 0
L 0.1673228 0.8466536 0.1673228 0.8781497 0 P 0
L 0.1673228 0.8466536 0.226378 0.8466536 0 P 0
L 0.1673228 0.8781497 0.226378 0.8781497 0 P 0
L 0.1673228 0.8966536 0.1673228 0.9281497 0 P 0
L 0.1673228 0.8966536 0.226378 0.8966536 0 P 0
L 0.1673228 0.9281497 0.226378 0.9281497 0 P 0
L 0.1673228 0.9466536 0.1673228 0.9781497 0 P 0
L 0.1673228 0.9466536 0.226378 0.9466536 0 P 0
L 0.1673228 0.9781497 0.226378 0.9781497 0 P 0
L 0.1673228 0.9966536 0.1673228 1.0281497 0 P 0
L 0.1673228 0.9966536 0.226378 0.9966536 0 P 0
L 0.1673228 1.0281497 0.226378 1.0281497 0 P 0
L 0.1673228 1.0466536 0.1673228 1.0781497 0 P 0
L 0.1673228 1.0466536 0.226378 1.0466536 0 P 0
L 0.1673228 1.0781497 0.226378 1.0781497 0 P 0
L 0.1673228 1.0966536 0.1673228 1.1281497 0 P 0
L 0.1673228 1.0966536 0.226378 1.0966536 0 P 0
L 0.1673228 1.1281497 0.226378 1.1281497 0 P 0
L 0.1673228 1.1466536 0.1673228 1.1781497 0 P 0
L 0.1673228 1.1466536 0.226378 1.1466536 0 P 0
L 0.1673228 1.1781497 0.226378 1.1781497 0 P 0
L 0.1673228 1.1966536 0.1673228 1.2281497 0 P 0
L 0.1673228 1.1966536 0.226378 1.1966536 0 P 0
L 0.1673228 1.2281497 0.226378 1.2281497 0 P 0
L 0.1673228 1.2466536 0.1673228 1.2781497 0 P 0
L 0.1673228 1.2466536 0.226378 1.2466536 0 P 0
L 0.1673228 1.2781497 0.226378 1.2781497 0 P 0
L 0.1673228 1.2966536 0.1673228 1.3281497 0 P 0
L 0.1673228 1.2966536 0.226378 1.2966536 0 P 0
L 0.1673228 1.3281497 0.226378 1.3281497 0 P 0
L 0.1673228 1.3466536 0.1673228 1.3781497 0 P 0
L 0.1673228 1.3466536 0.226378 1.3466536 0 P 0
L 0.1673228 1.3781497 0.226378 1.3781497 0 P 0
L 0.1673228 1.3966536 0.1673228 1.4281497 0 P 0
L 0.1673228 1.3966536 0.226378 1.3966536 0 P 0
L 0.1673228 1.4281497 0.226378 1.4281497 0 P 0
L 0.1673228 1.4466536 0.1673228 1.4781497 0 P 0
L 0.1673228 1.4466536 0.226378 1.4466536 0 P 0
L 0.1673228 1.4781497 0.226378 1.4781497 0 P 0
L 0.1850394 0.0624016 0.2086614 0.0624016 0 P 0
L 0.1850394 0.1124016 0.2086614 0.1124016 0 P 0
L 0.1850394 0.1624016 0.2086614 0.1624016 0 P 0
L 0.1850394 0.2624016 0.2086614 0.2624016 0 P 0
L 0.1850394 0.3124016 0.2086614 0.3124016 0 P 0
L 0.1850394 0.3624016 0.2086614 0.3624016 0 P 0
L 0.1850394 0.4124016 0.2086614 0.4124016 0 P 0
L 0.1850394 0.4624016 0.2086614 0.4624016 0 P 0
L 0.1850394 0.5124016 0.2086614 0.5124016 0 P 0
L 0.1850394 0.5624016 0.2086614 0.5624016 0 P 0
L 0.1850394 0.6124016 0.2086614 0.6124016 0 P 0
L 0.1850394 0.6624016 0.2086614 0.6624016 0 P 0
L 0.1850394 0.7124016 0.2086614 0.7124016 0 P 0
L 0.1850394 0.7624016 0.2086614 0.7624016 0 P 0
L 0.1850394 0.8124016 0.2086614 0.8124016 0 P 0
L 0.1850394 0.8624016 0.2086614 0.8624016 0 P 0
L 0.1850394 0.9124016 0.2086614 0.9124016 0 P 0
L 0.1850394 0.9624016 0.2086614 0.9624016 0 P 0
L 0.1850394 1.0124016 0.2086614 1.0124016 0 P 0
L 0.1850394 1.0624016 0.2086614 1.0624016 0 P 0
L 0.1850394 1.1124016 0.2086614 1.1124016 0 P 0
L 0.1850394 1.1624016 0.2086614 1.1624016 0 P 0
L 0.1850394 1.2124016 0.2086614 1.2124016 0 P 0
L 0.1850394 1.2624016 0.2086614 1.2624016 0 P 0
L 0.1850394 1.3124016 0.2086614 1.3124016 0 P 0
L 0.1850394 1.3624016 0.2086614 1.3624016 0 P 0
L 0.1850394 1.4124016 0.2086614 1.4124016 0 P 0
L 0.1850394 1.4624016 0.2086614 1.4624016 0 P 0
L 0.1968504 0.0505906 0.1968504 0.0742126 0 P 0
L 0.1968504 0.1005906 0.1968504 0.1242126 0 P 0
L 0.1968504 0.1505906 0.1968504 0.1742126 0 P 0
L 0.1968504 0.2505906 0.1968504 0.2742126 0 P 0
L 0.1968504 0.3005906 0.1968504 0.3242126 0 P 0
L 0.1968504 0.3505906 0.1968504 0.3742126 0 P 0
L 0.1968504 0.4005906 0.1968504 0.4242126 0 P 0
L 0.1968504 0.4505906 0.1968504 0.4742126 0 P 0
L 0.1968504 0.5005906 0.1968504 0.5242126 0 P 0
L 0.1968504 0.5505906 0.1968504 0.5742126 0 P 0
L 0.1968504 0.6005906 0.1968504 0.6242126 0 P 0
L 0.1968504 0.6505906 0.1968504 0.6742126 0 P 0
L 0.1968504 0.7005906 0.1968504 0.7242126 0 P 0
L 0.1968504 0.7505906 0.1968504 0.7742126 0 P 0
L 0.1968504 0.8005906 0.1968504 0.8242126 0 P 0
L 0.1968504 0.8505906 0.1968504 0.8742126 0 P 0
L 0.1968504 0.9005906 0.1968504 0.9242126 0 P 0
L 0.1968504 0.9505906 0.1968504 0.9742126 0 P 0
L 0.1968504 1.0005906 0.1968504 1.0242126 0 P 0
L 0.1968504 1.0505906 0.1968504 1.0742126 0 P 0
L 0.1968504 1.1005906 0.1968504 1.1242126 0 P 0
L 0.1968504 1.1505906 0.1968504 1.1742126 0 P 0
L 0.1968504 1.2005906 0.1968504 1.2242126 0 P 0
L 0.1968504 1.2505906 0.1968504 1.2742126 0 P 0
L 0.1968504 1.3005906 0.1968504 1.3242126 0 P 0
L 0.1968504 1.3505906 0.1968504 1.3742126 0 P 0
L 0.1968504 1.4005906 0.1968504 1.4242126 0 P 0
L 0.1968504 1.4505906 0.1968504 1.4742126 0 P 0
L 0.226378 0.0466536 0.226378 0.0781497 0 P 0
L 0.226378 0.0966536 0.226378 0.1281497 0 P 0
L 0.226378 0.1466536 0.226378 0.1781497 0 P 0
L 0.226378 0.2466536 0.226378 0.2781497 0 P 0
L 0.226378 0.2966536 0.226378 0.3281497 0 P 0
L 0.226378 0.3466536 0.226378 0.3781497 0 P 0
L 0.226378 0.3966536 0.226378 0.4281497 0 P 0
L 0.226378 0.4466536 0.226378 0.4781497 0 P 0
L 0.226378 0.4966536 0.226378 0.5281497 0 P 0
L 0.226378 0.5466536 0.226378 0.5781497 0 P 0
L 0.226378 0.5966536 0.226378 0.6281497 0 P 0
L 0.226378 0.6466536 0.226378 0.6781497 0 P 0
L 0.226378 0.6966536 0.226378 0.7281497 0 P 0
L 0.226378 0.7466536 0.226378 0.7781497 0 P 0
L 0.226378 0.7966536 0.226378 0.8281497 0 P 0
L 0.226378 0.8466536 0.226378 0.8781497 0 P 0
L 0.226378 0.8966536 0.226378 0.9281497 0 P 0
L 0.226378 0.9466536 0.226378 0.9781497 0 P 0
L 0.226378 0.9966536 0.226378 1.0281497 0 P 0
L 0.226378 1.0466536 0.226378 1.0781497 0 P 0
L 0.226378 1.0966536 0.226378 1.1281497 0 P 0
L 0.226378 1.1466536 0.226378 1.1781497 0 P 0
L 0.226378 1.1966536 0.226378 1.2281497 0 P 0
L 0.226378 1.2466536 0.226378 1.2781497 0 P 0
L 0.226378 1.2966536 0.226378 1.3281497 0 P 0
L 0.226378 1.3466536 0.226378 1.3781497 0 P 0
L 0.226378 1.3966536 0.226378 1.4281497 0 P 0
L 0.226378 1.4466536 0.226378 1.4781497 0 P 0
L 0.5610236 0.0966536 0.5610236 0.1281497 0 P 0
L 0.5610236 0.0966536 0.6200788 0.0966536 0 P 0
L 0.5610236 0.1281497 0.6200788 0.1281497 0 P 0
L 0.5610236 0.1466536 0.5610236 0.1781497 0 P 0
L 0.5610236 0.1466536 0.6200788 0.1466536 0 P 0
L 0.5610236 0.1781497 0.6200788 0.1781497 0 P 0
L 0.5610236 0.1966536 0.5610236 0.2281497 0 P 0
L 0.5610236 0.1966536 0.6200788 0.1966536 0 P 0
L 0.5610236 0.2281497 0.6200788 0.2281497 0 P 0
L 0.5610236 0.2466536 0.5610236 0.2781497 0 P 0
L 0.5610236 0.2466536 0.6200788 0.2466536 0 P 0
L 0.5610236 0.2781497 0.6200788 0.2781497 0 P 0
L 0.5610236 0.2966536 0.5610236 0.3281497 0 P 0
L 0.5610236 0.2966536 0.6200788 0.2966536 0 P 0
L 0.5610236 0.3281497 0.6200788 0.3281497 0 P 0
L 0.5610236 0.3466536 0.5610236 0.3781497 0 P 0
L 0.5610236 0.3466536 0.6200788 0.3466536 0 P 0
L 0.5610236 0.3781497 0.6200788 0.3781497 0 P 0
L 0.5610236 0.3966536 0.5610236 0.4281497 0 P 0
L 0.5610236 0.3966536 0.6200788 0.3966536 0 P 0
L 0.5610236 0.4281497 0.6200788 0.4281497 0 P 0
L 0.5610236 0.4466536 0.5610236 0.4781497 0 P 0
L 0.5610236 0.4466536 0.6200788 0.4466536 0 P 0
L 0.5610236 0.4781497 0.6200788 0.4781497 0 P 0
L 0.5610236 0.4966536 0.5610236 0.5281497 0 P 0
L 0.5610236 0.4966536 0.6200788 0.4966536 0 P 0
L 0.5610236 0.5281497 0.6200788 0.5281497 0 P 0
L 0.5610236 0.5466536 0.5610236 0.5781497 0 P 0
L 0.5610236 0.5466536 0.6200788 0.5466536 0 P 0
L 0.5610236 0.5781497 0.6200788 0.5781497 0 P 0
L 0.5610236 0.5966536 0.5610236 0.6281497 0 P 0
L 0.5610236 0.5966536 0.6200788 0.5966536 0 P 0
L 0.5610236 0.6281497 0.6200788 0.6281497 0 P 0
L 0.5610236 0.6466536 0.5610236 0.6781497 0 P 0
L 0.5610236 0.6466536 0.6200788 0.6466536 0 P 0
L 0.5610236 0.6781497 0.6200788 0.6781497 0 P 0
L 0.5610236 0.6966536 0.5610236 0.7281497 0 P 0
L 0.5610236 0.6966536 0.6200788 0.6966536 0 P 0
L 0.5610236 0.7281497 0.6200788 0.7281497 0 P 0
L 0.5610236 0.7466536 0.5610236 0.7781497 0 P 0
L 0.5610236 0.7466536 0.6200788 0.7466536 0 P 0
L 0.5610236 0.7781497 0.6200788 0.7781497 0 P 0
L 0.5610236 0.7966536 0.5610236 0.8281497 0 P 0
L 0.5610236 0.7966536 0.6200788 0.7966536 0 P 0
L 0.5610236 0.8281497 0.6200788 0.8281497 0 P 0
L 0.5610236 0.8466536 0.5610236 0.8781497 0 P 0
L 0.5610236 0.8466536 0.6200788 0.8466536 0 P 0
L 0.5610236 0.8781497 0.6200788 0.8781497 0 P 0
L 0.5610236 0.8966536 0.5610236 0.9281497 0 P 0
L 0.5610236 0.8966536 0.6200788 0.8966536 0 P 0
L 0.5610236 0.9281497 0.6200788 0.9281497 0 P 0
L 0.5610236 0.9466536 0.5610236 0.9781497 0 P 0
L 0.5610236 0.9466536 0.6200788 0.9466536 0 P 0
L 0.5610236 0.9781497 0.6200788 0.9781497 0 P 0
L 0.5610236 0.9966536 0.5610236 1.0281497 0 P 0
L 0.5610236 0.9966536 0.6200788 0.9966536 0 P 0
L 0.5610236 1.0281497 0.6200788 1.0281497 0 P 0
L 0.5610236 1.0466535 0.5610236 1.0781496 0 P 0
L 0.5610236 1.0466535 0.6200788 1.0466535 0 P 0
L 0.5610236 1.0781496 0.6200788 1.0781496 0 P 0
L 0.5610236 1.0966534 0.5610236 1.1281495 0 P 0
L 0.5610236 1.0966534 0.6200788 1.0966534 0 P 0
L 0.5610236 1.1281495 0.6200788 1.1281495 0 P 0
L 0.5610236 1.1466533 0.5610236 1.1781494 0 P 0
L 0.5610236 1.1466533 0.6200788 1.1466533 0 P 0
L 0.5610236 1.1781494 0.6200788 1.1781494 0 P 0
L 0.5610236 1.1966532 0.5610236 1.2281493 0 P 0
L 0.5610236 1.1966532 0.6200788 1.1966532 0 P 0
L 0.5610236 1.2281493 0.6200788 1.2281493 0 P 0
L 0.5610236 1.2466531 0.5610236 1.2781492 0 P 0
L 0.5610236 1.2466531 0.6200788 1.2466531 0 P 0
L 0.5610236 1.2781492 0.6200788 1.2781492 0 P 0
L 0.5610236 1.296653 0.5610236 1.3281491 0 P 0
L 0.5610236 1.296653 0.6200788 1.296653 0 P 0
L 0.5610236 1.3281491 0.6200788 1.3281491 0 P 0
L 0.5610236 1.3466529 0.5610236 1.378149 0 P 0
L 0.5610236 1.3466529 0.6200788 1.3466529 0 P 0
L 0.5610236 1.378149 0.6200788 1.378149 0 P 0
L 0.5610236 1.4466536 0.5610236 1.4781497 0 P 0
L 0.5610236 1.4466536 0.6200788 1.4466536 0 P 0
L 0.5610236 1.4781497 0.6200788 1.4781497 0 P 0
L 0.5610236 1.4966536 0.5610236 1.5281497 0 P 0
L 0.5610236 1.4966536 0.6200788 1.4966536 0 P 0
L 0.5610236 1.5281497 0.6200788 1.5281497 0 P 0
L 0.5787402 0.1124017 0.6023622 0.1124017 0 P 0
L 0.5787402 0.1624017 0.6023622 0.1624017 0 P 0
L 0.5787402 0.2124017 0.6023622 0.2124017 0 P 0
L 0.5787402 0.2624017 0.6023622 0.2624017 0 P 0
L 0.5787402 0.3124017 0.6023622 0.3124017 0 P 0
L 0.5787402 0.3624017 0.6023622 0.3624017 0 P 0
L 0.5787402 0.4124017 0.6023622 0.4124017 0 P 0
L 0.5787402 0.4624017 0.6023622 0.4624017 0 P 0
L 0.5787402 0.5124017 0.6023622 0.5124017 0 P 0
L 0.5787402 0.5624017 0.6023622 0.5624017 0 P 0
L 0.5787402 0.6124017 0.6023622 0.6124017 0 P 0
L 0.5787402 0.6624017 0.6023622 0.6624017 0 P 0
L 0.5787402 0.7124017 0.6023622 0.7124017 0 P 0
L 0.5787402 0.7624017 0.6023622 0.7624017 0 P 0
L 0.5787402 0.8124017 0.6023622 0.8124017 0 P 0
L 0.5787402 0.8624017 0.6023622 0.8624017 0 P 0
L 0.5787402 0.9124017 0.6023622 0.9124017 0 P 0
L 0.5787402 0.9624017 0.6023622 0.9624017 0 P 0
L 0.5787402 1.0124017 0.6023622 1.0124017 0 P 0
L 0.5787402 1.0624016 0.6023622 1.0624016 0 P 0
L 0.5787402 1.1124015 0.6023622 1.1124015 0 P 0
L 0.5787402 1.1624014 0.6023622 1.1624014 0 P 0
L 0.5787402 1.2124013 0.6023622 1.2124013 0 P 0
L 0.5787402 1.2624012 0.6023622 1.2624012 0 P 0
L 0.5787402 1.3124011 0.6023622 1.3124011 0 P 0
L 0.5787402 1.362401 0.6023622 1.362401 0 P 0
L 0.5787402 1.4624017 0.6023622 1.4624017 0 P 0
L 0.5787402 1.5124017 0.6023622 1.5124017 0 P 0
L 0.5905512 0.1005907 0.5905512 0.1242127 0 P 0
L 0.5905512 0.1505907 0.5905512 0.1742127 0 P 0
L 0.5905512 0.2005907 0.5905512 0.2242127 0 P 0
L 0.5905512 0.2505907 0.5905512 0.2742127 0 P 0
L 0.5905512 0.3005907 0.5905512 0.3242127 0 P 0
L 0.5905512 0.3505907 0.5905512 0.3742127 0 P 0
L 0.5905512 0.4005907 0.5905512 0.4242127 0 P 0
L 0.5905512 0.4505907 0.5905512 0.4742127 0 P 0
L 0.5905512 0.5005907 0.5905512 0.5242127 0 P 0
L 0.5905512 0.5505907 0.5905512 0.5742127 0 P 0
L 0.5905512 0.6005907 0.5905512 0.6242127 0 P 0
L 0.5905512 0.6505907 0.5905512 0.6742127 0 P 0
L 0.5905512 0.7005907 0.5905512 0.7242127 0 P 0
L 0.5905512 0.7505907 0.5905512 0.7742127 0 P 0
L 0.5905512 0.8005907 0.5905512 0.8242127 0 P 0
L 0.5905512 0.8505907 0.5905512 0.8742127 0 P 0
L 0.5905512 0.9005907 0.5905512 0.9242127 0 P 0
L 0.5905512 0.9505907 0.5905512 0.9742127 0 P 0
L 0.5905512 1.0005907 0.5905512 1.0242127 0 P 0
L 0.5905512 1.0505906 0.5905512 1.0742126 0 P 0
L 0.5905512 1.1005905 0.5905512 1.1242125 0 P 0
L 0.5905512 1.1505904 0.5905512 1.1742124 0 P 0
L 0.5905512 1.2005903 0.5905512 1.2242123 0 P 0
L 0.5905512 1.2505902 0.5905512 1.2742122 0 P 0
L 0.5905512 1.3005901 0.5905512 1.3242121 0 P 0
L 0.5905512 1.35059 0.5905512 1.374212 0 P 0
L 0.5905512 1.4505907 0.5905512 1.4742127 0 P 0
L 0.5905512 1.5005907 0.5905512 1.5242127 0 P 0
L 0.6200788 0.0966536 0.6200788 0.1281497 0 P 0
L 0.6200788 0.1466536 0.6200788 0.1781497 0 P 0
L 0.6200788 0.1966536 0.6200788 0.2281497 0 P 0
L 0.6200788 0.2466536 0.6200788 0.2781497 0 P 0
L 0.6200788 0.2966536 0.6200788 0.3281497 0 P 0
L 0.6200788 0.3466536 0.6200788 0.3781497 0 P 0
L 0.6200788 0.3966536 0.6200788 0.4281497 0 P 0
L 0.6200788 0.4466536 0.6200788 0.4781497 0 P 0
L 0.6200788 0.4966536 0.6200788 0.5281497 0 P 0
L 0.6200788 0.5466536 0.6200788 0.5781497 0 P 0
L 0.6200788 0.5966536 0.6200788 0.6281497 0 P 0
L 0.6200788 0.6466536 0.6200788 0.6781497 0 P 0
L 0.6200788 0.6966536 0.6200788 0.7281497 0 P 0
L 0.6200788 0.7466536 0.6200788 0.7781497 0 P 0
L 0.6200788 0.7966536 0.6200788 0.8281497 0 P 0
L 0.6200788 0.8466536 0.6200788 0.8781497 0 P 0
L 0.6200788 0.8966536 0.6200788 0.9281497 0 P 0
L 0.6200788 0.9466536 0.6200788 0.9781497 0 P 0
L 0.6200788 0.9966536 0.6200788 1.0281497 0 P 0
L 0.6200788 1.0466535 0.6200788 1.0781496 0 P 0
L 0.6200788 1.0966534 0.6200788 1.1281495 0 P 0
L 0.6200788 1.1466533 0.6200788 1.1781494 0 P 0
L 0.6200788 1.1966532 0.6200788 1.2281493 0 P 0
L 0.6200788 1.2466531 0.6200788 1.2781492 0 P 0
L 0.6200788 1.296653 0.6200788 1.3281491 0 P 0
L 0.6200788 1.3466529 0.6200788 1.378149 0 P 0
L 0.6200788 1.4466536 0.6200788 1.4781497 0 P 0
L 0.6200788 1.4966536 0.6200788 1.5281497 0 P 0
L 0.7716536 0.2826771 0.7716536 0.3417323 0 P 0
L 0.7716536 0.2826771 0.8031497 0.2826771 0 P 0
L 0.7716536 0.3417323 0.8031497 0.3417323 0 P 0
L 0.7755906 0.3122047 0.7992126 0.3122047 0 P 0
L 0.7874016 0.3003937 0.7874016 0.3240157 0 P 0
L 0.8031497 0.2826771 0.8031497 0.3417323 0 P 0
L 0.8120079 0.0246063 0.8120079 0.6840551 0 P 0
L 0.8120079 0.0246063 1.4714567 0.0246063 0 P 0
L 0.8120079 0.6840551 1.4714567 0.6840551 0 P 0
L 0.8427323 0.9190472 0.8427323 1.4910472 0 P 0
L 0.8427323 0.9190472 1.4407323 0.9190472 0 P 0
L 0.8427323 1.4910472 1.4407323 1.4910472 0 P 0
L 0.9094489 0.6960629 0.9094489 0.7551181 0 P 0
L 0.9094489 0.6960629 0.940945 0.6960629 0 P 0
L 0.9094489 0.7551181 0.940945 0.7551181 0 P 0
L 0.9133859 0.7255905 0.9370079 0.7255905 0 P 0
L 0.9251969 0.7137795 0.9251969 0.7374015 0 P 0
L 0.940945 0.6960629 0.940945 0.7551181 0 P 0
L 0.9488188 0.6960629 0.9488188 0.7551181 0 P 0
L 0.9488188 0.6960629 0.9803149 0.6960629 0 P 0
L 0.9488188 0.7551181 0.9803149 0.7551181 0 P 0
L 0.9527559 0.7255905 0.9763779 0.7255905 0 P 0
L 0.9645669 0.7137795 0.9645669 0.7374015 0 P 0
L 0.9803149 0.6960629 0.9803149 0.7551181 0 P 0
L 0.988189 0.6960629 0.988189 0.7551181 0 P 0
L 0.988189 0.6960629 1.0196851 0.6960629 0 P 0
L 0.988189 0.7551181 1.0196851 0.7551181 0 P 0
L 0.992126 0.7255905 1.015748 0.7255905 0 P 0
L 1.003937 0.7137795 1.003937 0.7374015 0 P 0
L 1.0196851 0.6960629 1.0196851 0.7551181 0 P 0
L 1.0431101 1.5452755 1.0431101 1.6043307 0 P 0
L 1.0431101 1.5452755 1.0746062 1.5452755 0 P 0
L 1.0431101 1.6043307 1.0746062 1.6043307 0 P 0
L 1.0470472 1.5748031 1.0706692 1.5748031 0 P 0
L 1.0472441 0.8051181 1.0472441 0.8641733 0 P 0
L 1.0472441 0.8051181 1.0787402 0.8051181 0 P 0
L 1.0472441 0.8641733 1.0787402 0.8641733 0 P 0
L 1.0511811 0.8346457 1.0748031 0.8346457 0 P 0
L 1.0588582 1.5629921 1.0588582 1.5866141 0 P 0
L 1.0629921 0.8228347 1.0629921 0.8464567 0 P 0
L 1.0746062 1.5452755 1.0746062 1.6043307 0 P 0
L 1.0787402 0.8051181 1.0787402 0.8641733 0 P 0
L 1.0864172 1.5452755 1.0864172 1.6043307 0 P 0
L 1.0864172 1.5452755 1.1179133 1.5452755 0 P 0
L 1.0864172 1.6043307 1.1179133 1.6043307 0 P 0
L 1.0903543 1.5748031 1.1139763 1.5748031 0 P 0
L 1.0984724 0.7124016 1.0984724 0.8624016 0 P 0
L 1.0984724 0.7124016 1.3434724 0.7124016 0 P 0
L 1.0984724 0.8624016 1.3434724 0.8624016 0 P 0
L 1.1021653 1.5629921 1.1021653 1.5866141 0 P 0
L 1.1179133 1.5452755 1.1179133 1.6043307 0 P 0
L 1.1220473 0.3543307 1.1614173 0.3543307 1 P 0
L 1.1297245 1.5452755 1.1297245 1.6043307 0 P 0
L 1.1297245 1.5452755 1.1612206 1.5452755 0 P 0
L 1.1297245 1.6043307 1.1612206 1.6043307 0 P 0
L 1.1299213 1.1220472 1.1535433 1.1220472 0 P 0
L 1.1336615 1.5748031 1.1572835 1.5748031 0 P 0
L 1.1417323 0.3346457 1.1417323 0.3740157 1 P 0
L 1.1417323 1.1102362 1.1417323 1.1338582 0 P 0
L 1.1454725 1.5629921 1.1454725 1.5866141 0 P 0
L 1.1612206 1.5452755 1.1612206 1.6043307 0 P 0
L 1.1730313 1.5452755 1.1730313 1.6043307 0 P 0
L 1.1730313 1.5452755 1.2045274 1.5452755 0 P 0
L 1.1730313 1.6043307 1.2045274 1.6043307 0 P 0
L 1.1769684 1.5748031 1.2005904 1.5748031 0 P 0
L 1.1887794 1.5629921 1.1887794 1.5866141 0 P 0
L 1.2045274 1.5452755 1.2045274 1.6043307 0 P 0
L 1.2086614 0.7884016 1.2322834 0.7884016 0 P 0
L 1.2204724 0.7765906 1.2204724 0.8002126 0 P 0
L 1.2527559 -0.015748 1.2527559 0.0157481 0 P 0
L 1.2527559 -0.015748 1.3118111 -0.015748 0 P 0
L 1.2527559 0.0157481 1.3118111 0.0157481 0 P 0
L 1.2596455 1.5452755 1.2596455 1.6043307 0 P 0
L 1.2596455 1.5452755 1.2911416 1.5452755 0 P 0
L 1.2596455 1.6043307 1.2911416 1.6043307 0 P 0
L 1.2635826 1.5748031 1.2872046 1.5748031 0 P 0
L 1.2704725 0 1.2940945 0 0 P 0
L 1.2753936 1.5629921 1.2753936 1.5866141 0 P 0
L 1.2822835 -0.011811 1.2822835 0.011811 0 P 0
L 1.2911416 1.5452755 1.2911416 1.6043307 0 P 0
L 1.3118111 -0.015748 1.3118111 0.0157481 0 P 0
L 1.3434724 0.7124016 1.3434724 0.8624016 0 P 0
L 1.3622048 0.7106299 1.3622048 0.7696851 0 P 0
L 1.3622048 0.7106299 1.3937009 0.7106299 0 P 0
L 1.3622048 0.7696851 1.3937009 0.7696851 0 P 0
L 1.3661418 0.7401575 1.3897638 0.7401575 0 P 0
L 1.3779528 0.7283465 1.3779528 0.7519685 0 P 0
L 1.3937009 0.7106299 1.3937009 0.7696851 0 P 0
L 1.4407323 0.9190472 1.4407323 1.4910472 0 P 0
L 1.4714567 0.0246063 1.4714567 0.6840551 0 P 0
L 1.4803149 0.3049213 1.4803149 0.3639765 0 P 0
L 1.4803149 0.3049213 1.511811 0.3049213 0 P 0
L 1.4803149 0.3639765 1.511811 0.3639765 0 P 0
L 1.480315 0.3811023 1.480315 0.4401575 0 P 0
L 1.480315 0.3811023 1.5118111 0.3811023 0 P 0
L 1.480315 0.4401575 1.5118111 0.4401575 0 P 0
L 1.484252 0.3344489 1.507874 0.3344489 0 P 0
L 1.484252 0.4106299 1.507874 0.4106299 0 P 0
L 1.4889765 1.0580708 1.4889765 1.0895669 0 P 0
L 1.4889765 1.0580708 1.5480317 1.0580708 0 P 0
L 1.4889765 1.0895669 1.5480317 1.0895669 0 P 0
L 1.4889765 1.0974409 1.4889765 1.128937 0 P 0
L 1.4889765 1.0974409 1.5480317 1.0974409 0 P 0
L 1.4889765 1.128937 1.5480317 1.128937 0 P 0
L 1.4889765 1.136811 1.4889765 1.1683071 0 P 0
L 1.4889765 1.136811 1.5480317 1.136811 0 P 0
L 1.4889765 1.1683071 1.5480317 1.1683071 0 P 0
L 1.4889765 1.2084645 1.4889765 1.2399606 0 P 0
L 1.4889765 1.2084645 1.5480317 1.2084645 0 P 0
L 1.4889765 1.2399606 1.5480317 1.2399606 0 P 0
L 1.4889765 1.2584645 1.4889765 1.2899606 0 P 0
L 1.4889765 1.2584645 1.5480317 1.2584645 0 P 0
L 1.4889765 1.2899606 1.5480317 1.2899606 0 P 0
L 1.4889765 1.3584646 1.4889765 1.3899607 0 P 0
L 1.4889765 1.3584646 1.5480317 1.3584646 0 P 0
L 1.4889765 1.3899607 1.5480317 1.3899607 0 P 0
L 1.496063 0.3226379 1.496063 0.3462599 0 P 0
L 1.496063 0.3988189 1.496063 0.4224409 0 P 0
L 1.5066931 1.0738189 1.5303151 1.0738189 0 P 0
L 1.5066931 1.113189 1.5303151 1.113189 0 P 0
L 1.5066931 1.152559 1.5303151 1.152559 0 P 0
L 1.5066931 1.2242126 1.5303151 1.2242126 0 P 0
L 1.5066931 1.2742126 1.5303151 1.2742126 0 P 0
L 1.5066931 1.3742126 1.5303151 1.3742126 0 P 0
L 1.511811 0.3049213 1.511811 0.3639765 0 P 0
L 1.5118111 0.3811023 1.5118111 0.4401575 0 P 0
L 1.5185041 1.0620079 1.5185041 1.0856299 0 P 0
L 1.5185041 1.101378 1.5185041 1.125 0 P 0
L 1.5185041 1.140748 1.5185041 1.16437 0 P 0
L 1.5185041 1.2124016 1.5185041 1.2360236 0 P 0
L 1.5185041 1.2624016 1.5185041 1.2860236 0 P 0
L 1.5185041 1.3624016 1.5185041 1.3860236 0 P 0
L 1.519685 0.1001969 1.519685 0.1592521 0 P 0
L 1.519685 0.1001969 1.5511811 0.1001969 0 P 0
L 1.519685 0.1592521 1.5511811 0.1592521 0 P 0
L 1.5196851 0.3049213 1.5196851 0.3639765 0 P 0
L 1.5196851 0.3049213 1.5511812 0.3049213 0 P 0
L 1.5196851 0.3639765 1.5511812 0.3639765 0 P 0
L 1.5196851 0.5549212 1.5196851 0.6139764 0 P 0
L 1.5196851 0.5549212 1.5511812 0.5549212 0 P 0
L 1.5196851 0.6139764 1.5511812 0.6139764 0 P 0
L 1.5196851 0.6462597 1.5196851 0.7053149 0 P 0
L 1.5196851 0.6462597 1.5511812 0.6462597 0 P 0
L 1.5196851 0.7053149 1.5511812 0.7053149 0 P 0
L 1.5196851 0.7120079 1.5196851 0.7710631 0 P 0
L 1.5196851 0.7120079 1.5511812 0.7120079 0 P 0
L 1.5196851 0.7710631 1.5511812 0.7710631 0 P 0
L 1.5196852 0.7972441 1.5196852 0.8562993 0 P 0
L 1.5196852 0.7972441 1.5511813 0.7972441 0 P 0
L 1.5196852 0.8562993 1.5511813 0.8562993 0 P 0
L 1.5196852 1.5415355 1.5196852 1.6005907 0 P 0
L 1.5196852 1.5415355 1.5511813 1.5415355 0 P 0
L 1.5196852 1.6005907 1.5511813 1.6005907 0 P 0
L 1.5236221 0.1297245 1.5472441 0.1297245 0 P 0
L 1.5236221 0.3344489 1.5472441 0.3344489 0 P 0
L 1.5236221 0.5844488 1.5472441 0.5844488 0 P 0
L 1.5236221 0.6757873 1.5472441 0.6757873 0 P 0
L 1.5236222 0.7415355 1.5472442 0.7415355 0 P 0
L 1.5236222 0.8267717 1.5472442 0.8267717 0 P 0
L 1.5236222 1.5710631 1.5472442 1.5710631 0 P 0
L 1.5354331 0.1179135 1.5354331 0.1415355 0 P 0
L 1.5354331 0.3226379 1.5354331 0.3462599 0 P 0
L 1.5354331 0.5726378 1.5354331 0.5962598 0 P 0
L 1.5354331 0.6639763 1.5354331 0.6875983 0 P 0
L 1.5354332 0.7297245 1.5354332 0.7533465 0 P 0
L 1.5354332 0.8149607 1.5354332 0.8385827 0 P 0
L 1.5354332 1.5592521 1.5354332 1.5828741 0 P 0
L 1.5480317 1.0580708 1.5480317 1.0895669 0 P 0
L 1.5480317 1.0974409 1.5480317 1.128937 0 P 0
L 1.5480317 1.136811 1.5480317 1.1683071 0 P 0
L 1.5480317 1.2084645 1.5480317 1.2399606 0 P 0
L 1.5480317 1.2584645 1.5480317 1.2899606 0 P 0
L 1.5480317 1.3584646 1.5480317 1.3899607 0 P 0
L 1.5511811 0.1001969 1.5511811 0.1592521 0 P 0
L 1.5511812 0.3049213 1.5511812 0.3639765 0 P 0
L 1.5511812 0.5549212 1.5511812 0.6139764 0 P 0
L 1.5511812 0.6462597 1.5511812 0.7053149 0 P 0
L 1.5511812 0.7120079 1.5511812 0.7710631 0 P 0
L 1.5511813 0.7972441 1.5511813 0.8562993 0 P 0
L 1.5511813 1.5415355 1.5511813 1.6005907 0 P 0
L 1.5561418 0.6436614 1.5561418 0.7726614 0 P 0
L 1.5561418 0.6436614 1.6761418 0.6436614 0 P 0
L 1.5561418 0.7726614 1.6761418 0.7726614 0 P 0
L 1.5629922 0.7972441 1.5629922 0.8562993 0 P 0
L 1.5629922 0.7972441 1.5944883 0.7972441 0 P 0
L 1.5629922 0.8562993 1.5944883 0.8562993 0 P 0
L 1.5669292 0.8267717 1.5905512 0.8267717 0 P 0
L 1.5787402 0.8149607 1.5787402 0.8385827 0 P 0
L 1.582 1.501 1.582 1.599 0 P 0
L 1.582 1.501 1.648 1.501 0 P 0
L 1.582 1.599 1.648 1.599 0 P 0
L 1.5944883 0.7972441 1.5944883 0.8562993 0 P 0
L 1.6003938 0.7972441 1.6003938 0.8562993 0 P 0
L 1.6003938 0.7972441 1.6318899 0.7972441 0 P 0
L 1.6003938 0.8562993 1.6318899 0.8562993 0 P 0
L 1.602189 1.55 1.625811 1.55 0 P 0
L 1.6043308 0.7086614 1.6279528 0.7086614 0 P 0
L 1.6043308 0.8267717 1.6279528 0.8267717 0 P 0
L 1.614 1.538189 1.614 1.561811 0 P 0
L 1.6161418 0.6968504 1.6161418 0.7204724 0 P 0
L 1.6161418 0.8149607 1.6161418 0.8385827 0 P 0
L 1.6318899 0.7972441 1.6318899 0.8562993 0 P 0
L 1.6377953 0.7972441 1.6377953 0.8562993 0 P 0
L 1.6377953 0.7972441 1.6692914 0.7972441 0 P 0
L 1.6377953 0.8562993 1.6692914 0.8562993 0 P 0
L 1.6417324 0.8267717 1.6653544 0.8267717 0 P 0
L 1.648 1.501 1.648 1.599 0 P 0
L 1.6535434 0.8149607 1.6535434 0.8385827 0 P 0
L 1.6692914 0.7972441 1.6692914 0.8562993 0 P 0
L 1.6761418 0.6436614 1.6761418 0.7726614 0 P 0
L 1.6771654 0.6462597 1.6771654 0.7053149 0 P 0
L 1.6771654 0.6462597 1.7086615 0.6462597 0 P 0
L 1.6771654 0.7053149 1.7086615 0.7053149 0 P 0
L 1.6796063 0.7872442 1.6796063 0.9072442 0 P 0
L 1.6796063 0.7872442 1.8196063 0.7872442 0 P 0
L 1.6796063 0.9072442 1.8196063 0.9072442 0 P 0
L 1.6811024 0.6757873 1.7047244 0.6757873 0 P 0
L 1.6929134 0.6639763 1.6929134 0.6875983 0 P 0
L 1.7086615 0.6462597 1.7086615 0.7053149 0 P 0
L 1.709685 0.6436614 1.709685 0.7726614 0 P 0
L 1.709685 0.6436614 1.829685 0.6436614 0 P 0
L 1.709685 0.7726614 1.829685 0.7726614 0 P 0
L 1.7377953 0.8472442 1.7614173 0.8472442 0 P 0
L 1.7496063 0.8354332 1.7496063 0.8590552 0 P 0
L 1.757874 0.7086614 1.781496 0.7086614 0 P 0
L 1.769685 0.6968504 1.769685 0.7204724 0 P 0
L 1.7700787 1.4966536 1.7700787 1.5281497 0 P 0
L 1.7700787 1.4966536 1.8291339 1.4966536 0 P 0
L 1.7700787 1.5281497 1.8291339 1.5281497 0 P 0
L 1.7700787 1.5363188 1.7700787 1.5678149 0 P 0
L 1.7700787 1.5363188 1.8291339 1.5363188 0 P 0
L 1.7700787 1.5678149 1.8291339 1.5678149 0 P 0
L 1.7700787 1.575984 1.7700787 1.6074801 0 P 0
L 1.7700787 1.575984 1.8291339 1.575984 0 P 0
L 1.7700787 1.6074801 1.8291339 1.6074801 0 P 0
L 1.7877953 1.5124017 1.8114173 1.5124017 0 P 0
L 1.7877953 1.5520669 1.8114173 1.5520669 0 P 0
L 1.7877953 1.5917321 1.8114173 1.5917321 0 P 0
L 1.7996063 1.5005907 1.7996063 1.5242127 0 P 0
L 1.7996063 1.5402559 1.7996063 1.5638779 0 P 0
L 1.7996063 1.5799211 1.7996063 1.6035431 0 P 0
L 1.8196063 0.7872442 1.8196063 0.9072442 0 P 0
L 1.8291339 1.4966536 1.8291339 1.5281497 0 P 0
L 1.8291339 1.5363188 1.8291339 1.5678149 0 P 0
L 1.8291339 1.575984 1.8291339 1.6074801 0 P 0
L 1.829685 0.6436614 1.829685 0.7726614 0 P 0
L 1.8346456 0.1001969 1.8346456 0.1592521 0 P 0
L 1.8346456 0.1001969 1.8661417 0.1001969 0 P 0
L 1.8346456 0.1592521 1.8661417 0.1592521 0 P 0
L 1.8346456 0.1956692 1.8346456 0.2547244 0 P 0
L 1.8346456 0.1956692 1.8661417 0.1956692 0 P 0
L 1.8346456 0.2547244 1.8661417 0.2547244 0 P 0
L 1.8346456 0.5549212 1.8346456 0.6139764 0 P 0
L 1.8346456 0.5549212 1.8661417 0.5549212 0 P 0
L 1.8346456 0.6139764 1.8661417 0.6139764 0 P 0
L 1.8346456 0.6462597 1.8346456 0.7053149 0 P 0
L 1.8346456 0.6462597 1.8661417 0.6462597 0 P 0
L 1.8346456 0.7053149 1.8661417 0.7053149 0 P 0
L 1.8346456 0.7120079 1.8346456 0.7710631 0 P 0
L 1.8346456 0.7120079 1.8661417 0.7120079 0 P 0
L 1.8346456 0.7710631 1.8661417 0.7710631 0 P 0
L 1.8377951 0.7940946 1.8377951 0.8255907 0 P 0
L 1.8377951 0.7940946 1.8968503 0.7940946 0 P 0
L 1.8377951 0.8255907 1.8968503 0.8255907 0 P 0
L 1.8377951 0.8688978 1.8377951 0.9003939 0 P 0
L 1.8377951 0.8688978 1.8968503 0.8688978 0 P 0
L 1.8377951 0.9003939 1.8968503 0.9003939 0 P 0
L 1.8385826 0.2251968 1.8622046 0.2251968 0 P 0
L 1.8385826 0.7415355 1.8622046 0.7415355 0 P 0
L 1.8385827 0.1297245 1.8622047 0.1297245 0 P 0
L 1.8385827 0.5844488 1.8622047 0.5844488 0 P 0
L 1.8385827 0.6757873 1.8622047 0.6757873 0 P 0
L 1.8503936 0.2133858 1.8503936 0.2370078 0 P 0
L 1.8503936 0.7297245 1.8503936 0.7533465 0 P 0
L 1.8503937 0.1179135 1.8503937 0.1415355 0 P 0
L 1.8503937 0.5726378 1.8503937 0.5962598 0 P 0
L 1.8503937 0.6639763 1.8503937 0.6875983 0 P 0
L 1.8555117 0.8098426 1.8791337 0.8098426 0 P 0
L 1.8555117 0.8846458 1.8791337 0.8846458 0 P 0
L 1.8661417 0.1001969 1.8661417 0.1592521 0 P 0
L 1.8661417 0.1956692 1.8661417 0.2547244 0 P 0
L 1.8661417 0.5549212 1.8661417 0.6139764 0 P 0
L 1.8661417 0.6462597 1.8661417 0.7053149 0 P 0
L 1.8661417 0.7120079 1.8661417 0.7710631 0 P 0
L 1.8673227 0.7980316 1.8673227 0.8216536 0 P 0
L 1.8673227 0.8728348 1.8673227 0.8964568 0 P 0
L 1.8740157 0.1956692 1.8740157 0.2547244 0 P 0
L 1.8740157 0.1956692 1.9055118 0.1956692 0 P 0
L 1.8740157 0.2547244 1.9055118 0.2547244 0 P 0
L 1.8740157 0.5549212 1.8740157 0.6139764 0 P 0
L 1.8740157 0.5549212 1.9055118 0.5549212 0 P 0
L 1.8740157 0.6139764 1.9055118 0.6139764 0 P 0
L 1.8779528 0.2251968 1.9015748 0.2251968 0 P 0
L 1.8779528 0.5844488 1.9015748 0.5844488 0 P 0
L 1.8897638 0.2133858 1.8897638 0.2370078 0 P 0
L 1.8897638 0.5726378 1.8897638 0.5962598 0 P 0
L 1.8968503 0.7940946 1.8968503 0.8255907 0 P 0
L 1.8968503 0.8688978 1.8968503 0.9003939 0 P 0
L 1.9055118 0.1956692 1.9055118 0.2547244 0 P 0
L 1.9055118 0.5549212 1.9055118 0.6139764 0 P 0
L 1.9189843 0.0193779 1.9189843 0.4333779 0 P 0
L 1.9189843 0.0193779 2.3329843 0.0193779 0 P 0
L 1.9189843 0.4333779 2.3329843 0.4333779 0 P 0
L 1.9192913 1.2084645 1.9192913 1.2399606 0 P 0
L 1.9192913 1.2084645 1.9783465 1.2084645 0 P 0
L 1.9192913 1.2399606 1.9783465 1.2399606 0 P 0
L 1.9192913 1.2584645 1.9192913 1.2899606 0 P 0
L 1.9192913 1.2584645 1.9783465 1.2584645 0 P 0
L 1.9192913 1.2899606 1.9783465 1.2899606 0 P 0
L 1.9192913 1.3584646 1.9192913 1.3899607 0 P 0
L 1.9192913 1.3584646 1.9783465 1.3584646 0 P 0
L 1.9192913 1.3899607 1.9783465 1.3899607 0 P 0
L 1.9220472 0.7547244 1.9220472 0.7862205 0 P 0
L 1.9220472 0.7547244 1.9811024 0.7547244 0 P 0
L 1.9220472 0.7862205 1.9811024 0.7862205 0 P 0
L 1.9220472 0.7940945 1.9220472 0.8255906 0 P 0
L 1.9220472 0.7940945 1.9811024 0.7940945 0 P 0
L 1.9220472 0.8255906 1.9811024 0.8255906 0 P 0
L 1.9220472 0.9722441 1.9220472 1.0037402 0 P 0
L 1.9220472 0.9722441 1.9811024 0.9722441 0 P 0
L 1.9220472 1.0037402 1.9811024 1.0037402 0 P 0
L 1.9220472 1.0222441 1.9220472 1.0537402 0 P 0
L 1.9220472 1.0222441 1.9811024 1.0222441 0 P 0
L 1.9220472 1.0537402 1.9811024 1.0537402 0 P 0
L 1.9220472 1.0722441 1.9220472 1.1037402 0 P 0
L 1.9220472 1.0722441 1.9811024 1.0722441 0 P 0
L 1.9220472 1.1037402 1.9811024 1.1037402 0 P 0
L 1.9220472 1.1222441 1.9220472 1.1537402 0 P 0
L 1.9220472 1.1222441 1.9811024 1.1222441 0 P 0
L 1.9220472 1.1537402 1.9811024 1.1537402 0 P 0
L 1.9228346 0.8688978 1.9228346 0.9003939 0 P 0
L 1.9228346 0.8688978 1.9818898 0.8688978 0 P 0
L 1.9228346 0.9003939 1.9818898 0.9003939 0 P 0
L 1.9238189 1.2942126 1.9238189 1.3542126 0 P 0
L 1.9238189 1.2942126 1.9738189 1.2942126 0 P 0
L 1.9238189 1.3542126 1.9738189 1.3542126 0 P 0
L 1.9370079 1.2242125 1.9606299 1.2242125 0 P 0
L 1.9370079 1.2742126 1.9606299 1.2742126 0 P 0
L 1.9370079 1.3242126 1.9606299 1.3242126 0 P 0
L 1.9370079 1.3742127 1.9606299 1.3742127 0 P 0
L 1.9397638 0.7704724 1.9633858 0.7704724 0 P 0
L 1.9397638 0.8098425 1.9633858 0.8098425 0 P 0
L 1.9397638 0.9879921 1.9633858 0.9879921 0 P 0
L 1.9397638 1.0379921 1.9633858 1.0379921 0 P 0
L 1.9397638 1.0879921 1.9633858 1.0879921 0 P 0
L 1.9397638 1.1379921 1.9633858 1.1379921 0 P 0
L 1.9405512 0.8846458 1.9641732 0.8846458 0 P 0
L 1.9488189 1.2124015 1.9488189 1.2360235 0 P 0
L 1.9488189 1.2624016 1.9488189 1.2860236 0 P 0
L 1.9488189 1.3124016 1.9488189 1.3360236 0 P 0
L 1.9488189 1.3624017 1.9488189 1.3860237 0 P 0
L 1.9515748 0.7586614 1.9515748 0.7822834 0 P 0
L 1.9515748 0.7980315 1.9515748 0.8216535 0 P 0
L 1.9515748 0.9761811 1.9515748 0.9998031 0 P 0
L 1.9515748 1.0261811 1.9515748 1.0498031 0 P 0
L 1.9515748 1.0761811 1.9515748 1.0998031 0 P 0
L 1.9515748 1.1261811 1.9515748 1.1498031 0 P 0
L 1.9523622 0.8728348 1.9523622 0.8964568 0 P 0
L 1.9527558 0.6082677 1.9527558 0.6673229 0 P 0
L 1.9527558 0.6082677 1.9842519 0.6082677 0 P 0
L 1.9527558 0.6673229 1.9842519 0.6673229 0 P 0
L 1.9566929 0.6377953 1.9803149 0.6377953 0 P 0
L 1.9685039 0.6259843 1.9685039 0.6496063 0 P 0
L 1.9738189 1.2942126 1.9738189 1.3542126 0 P 0
L 1.9783465 1.2084645 1.9783465 1.2399606 0 P 0
L 1.9783465 1.2584645 1.9783465 1.2899606 0 P 0
L 1.9783465 1.3584646 1.9783465 1.3899607 0 P 0
L 1.9811024 0.7547244 1.9811024 0.7862205 0 P 0
L 1.9811024 0.7940945 1.9811024 0.8255906 0 P 0
L 1.9811024 0.9722441 1.9811024 1.0037402 0 P 0
L 1.9811024 1.0222441 1.9811024 1.0537402 0 P 0
L 1.9811024 1.0722441 1.9811024 1.1037402 0 P 0
L 1.9811024 1.1222441 1.9811024 1.1537402 0 P 0
L 1.9818898 0.8688978 1.9818898 0.9003939 0 P 0
L 1.9842519 0.6082677 1.9842519 0.6673229 0 P 0
L 2.0029843 0.5155512 2.0029843 0.6655512 0 P 0
L 2.0029843 0.5155512 2.2479843 0.5155512 0 P 0
L 2.0029843 0.6655512 2.2479843 0.6655512 0 P 0
L 2.0032441 0.7194016 2.0032441 0.8554016 0 P 0
L 2.0032441 0.7194016 2.0912441 0.7194016 0 P 0
L 2.0032441 0.8554016 2.0912441 0.8554016 0 P 0
L 2.0074804 0.8637008 2.0074804 0.9237008 0 P 0
L 2.0074804 0.8637008 2.0574804 0.8637008 0 P 0
L 2.0074804 0.9237008 2.0574804 0.9237008 0 P 0
L 2.0206694 0.8937008 2.0442914 0.8937008 0 P 0
L 2.0324804 0.8818898 2.0324804 0.9055118 0 P 0
L 2.0354331 0.7874016 2.0590551 0.7874016 0 P 0
L 2.0472441 0.7755906 2.0472441 0.7992126 0 P 0
L 2.0574804 0.8637008 2.0574804 0.9237008 0 P 0
L 2.0637796 0.4370079 2.0637796 0.468504 0 P 0
L 2.0637796 0.4370079 2.1228348 0.4370079 0 P 0
L 2.0637796 0.468504 2.1228348 0.468504 0 P 0
L 2.0767716 1.2084645 2.0767716 1.2399606 0 P 0
L 2.0767716 1.2084645 2.1358268 1.2084645 0 P 0
L 2.0767716 1.2399606 2.1358268 1.2399606 0 P 0
L 2.0767716 1.2584645 2.0767716 1.2899606 0 P 0
L 2.0767716 1.2584645 2.1358268 1.2584645 0 P 0
L 2.0767716 1.2899606 2.1358268 1.2899606 0 P 0
L 2.0767716 1.3584646 2.0767716 1.3899607 0 P 0
L 2.0767716 1.3584646 2.1358268 1.3584646 0 P 0
L 2.0767716 1.3899607 2.1358268 1.3899607 0 P 0
L 2.0812992 1.2942126 2.0812992 1.3542126 0 P 0
L 2.0812992 1.2942126 2.1312992 1.2942126 0 P 0
L 2.0812992 1.3542126 2.1312992 1.3542126 0 P 0
L 2.0814962 0.4527559 2.1051182 0.4527559 0 P 0
L 2.0912441 0.7194016 2.0912441 0.8554016 0 P 0
L 2.0933072 0.4409449 2.0933072 0.4645669 0 P 0
L 2.0944882 1.2242125 2.1181102 1.2242125 0 P 0
L 2.0944882 1.2742126 2.1181102 1.2742126 0 P 0
L 2.0944882 1.3242126 2.1181102 1.3242126 0 P 0
L 2.0944882 1.3742127 2.1181102 1.3742127 0 P 0
L 2.1062992 1.2124015 2.1062992 1.2360235 0 P 0
L 2.1062992 1.2624016 2.1062992 1.2860236 0 P 0
L 2.1062992 1.3124016 2.1062992 1.3360236 0 P 0
L 2.1062992 1.3624017 2.1062992 1.3860237 0 P 0
L 2.1141733 0.2263779 2.1377953 0.2263779 0 P 0
L 2.1141733 0.5895512 2.1377953 0.5895512 0 P 0
L 2.1228348 0.4370079 2.1228348 0.468504 0 P 0
L 2.1259843 0.2145669 2.1259843 0.2381889 0 P 0
L 2.1259843 0.5777402 2.1259843 0.6013622 0 P 0
L 2.1267716 0.718504 2.1267716 0.7500001 0 P 0
L 2.1267716 0.718504 2.1858268 0.718504 0 P 0
L 2.1267716 0.7500001 2.1858268 0.7500001 0 P 0
L 2.1267716 0.7539371 2.1267716 0.7854332 0 P 0
L 2.1267716 0.7539371 2.1858268 0.7539371 0 P 0
L 2.1267716 0.7854332 2.1858268 0.7854332 0 P 0
L 2.1267716 0.7893701 2.1267716 0.8208662 0 P 0
L 2.1267716 0.7893701 2.1858268 0.7893701 0 P 0
L 2.1267716 0.8208662 2.1858268 0.8208662 0 P 0
L 2.1267716 0.8248032 2.1267716 0.8562993 0 P 0
L 2.1267716 0.8248032 2.1858268 0.8248032 0 P 0
L 2.1267716 0.8562993 2.1858268 0.8562993 0 P 0
L 2.1267716 0.8602363 2.1267716 0.8917324 0 P 0
L 2.1267716 0.8602363 2.1858268 0.8602363 0 P 0
L 2.1267716 0.8917324 2.1858268 0.8917324 0 P 0
L 2.1267716 0.8956693 2.1267716 0.9271654 0 P 0
L 2.1267716 0.8956693 2.1858268 0.8956693 0 P 0
L 2.1267716 0.9271654 2.1858268 0.9271654 0 P 0
L 2.1267717 0.4370079 2.1267717 0.468504 0 P 0
L 2.1267717 0.4370079 2.1858269 0.4370079 0 P 0
L 2.1267717 0.468504 2.1858269 0.468504 0 P 0
L 2.1312992 1.2942126 2.1312992 1.3542126 0 P 0
L 2.1358268 1.2084645 2.1358268 1.2399606 0 P 0
L 2.1358268 1.2584645 2.1358268 1.2899606 0 P 0
L 2.1358268 1.3584646 2.1358268 1.3899607 0 P 0
L 2.1444882 0.734252 2.1681102 0.734252 0 P 0
L 2.1444882 0.7696851 2.1681102 0.7696851 0 P 0
L 2.1444882 0.8051181 2.1681102 0.8051181 0 P 0
L 2.1444882 0.8405512 2.1681102 0.8405512 0 P 0
L 2.1444882 0.8759843 2.1681102 0.8759843 0 P 0
L 2.1444882 0.9114173 2.1681102 0.9114173 0 P 0
L 2.1444883 0.4527559 2.1681103 0.4527559 0 P 0
L 2.1562992 0.722441 2.1562992 0.746063 0 P 0
L 2.1562992 0.7578741 2.1562992 0.7814961 0 P 0
L 2.1562992 0.7933071 2.1562992 0.8169291 0 P 0
L 2.1562992 0.8287402 2.1562992 0.8523622 0 P 0
L 2.1562992 0.8641733 2.1562992 0.8877953 0 P 0
L 2.1562992 0.8996063 2.1562992 0.9232283 0 P 0
L 2.1562993 0.4409449 2.1562993 0.4645669 0 P 0
L 2.1582678 -0.015748 2.1582678 0.0157481 0 P 0
L 2.1582678 -0.015748 2.217323 -0.015748 0 P 0
L 2.1582678 0.0157481 2.217323 0.0157481 0 P 0
L 2.1759844 0 2.1996064 0 0 P 0
L 2.1858268 0.718504 2.1858268 0.7500001 0 P 0
L 2.1858268 0.7539371 2.1858268 0.7854332 0 P 0
L 2.1858268 0.7893701 2.1858268 0.8208662 0 P 0
L 2.1858268 0.8248032 2.1858268 0.8562993 0 P 0
L 2.1858268 0.8602363 2.1858268 0.8917324 0 P 0
L 2.1858268 0.8956693 2.1858268 0.9271654 0 P 0
L 2.1858269 0.4370079 2.1858269 0.468504 0 P 0
L 2.1877954 -0.011811 2.1877954 0.011811 0 P 0
L 2.217323 -0.015748 2.217323 0.0157481 0 P 0
L 2.2342519 1.2114173 2.2342519 1.2429134 0 P 0
L 2.2342519 1.2114173 2.2933071 1.2114173 0 P 0
L 2.2342519 1.2429134 2.2933071 1.2429134 0 P 0
L 2.2342519 1.2614173 2.2342519 1.2929134 0 P 0
L 2.2342519 1.2614173 2.2933071 1.2614173 0 P 0
L 2.2342519 1.2929134 2.2933071 1.2929134 0 P 0
L 2.2342519 1.3614174 2.2342519 1.3929135 0 P 0
L 2.2342519 1.3614174 2.2933071 1.3614174 0 P 0
L 2.2342519 1.3929135 2.2933071 1.3929135 0 P 0
L 2.2387795 1.2971654 2.2387795 1.3571654 0 P 0
L 2.2387795 1.2971654 2.2887795 1.2971654 0 P 0
L 2.2387795 1.3571654 2.2887795 1.3571654 0 P 0
L 2.2479843 0.5155512 2.2479843 0.6655512 0 P 0
L 2.2519685 1.2271653 2.2755905 1.2271653 0 P 0
L 2.2519685 1.2771654 2.2755905 1.2771654 0 P 0
L 2.2519685 1.3271654 2.2755905 1.3271654 0 P 0
L 2.2519685 1.3771655 2.2755905 1.3771655 0 P 0
L 2.2637795 1.2153543 2.2637795 1.2389763 0 P 0
L 2.2637795 1.2653544 2.2637795 1.2889764 0 P 0
L 2.2637795 1.3153544 2.2637795 1.3389764 0 P 0
L 2.2637795 1.3653545 2.2637795 1.3889765 0 P 0
L 2.2677165 0.5137795 2.2677165 0.5728347 0 P 0
L 2.2677165 0.5137795 2.2992126 0.5137795 0 P 0
L 2.2677165 0.5728347 2.2992126 0.5728347 0 P 0
L 2.2677165 1.0253936 2.2677165 1.0844488 0 P 0
L 2.2677165 1.0253936 2.2992126 1.0253936 0 P 0
L 2.2677165 1.0844488 2.2992126 1.0844488 0 P 0
L 2.2716535 1.0549212 2.2952755 1.0549212 0 P 0
L 2.2716536 0.5433071 2.2952756 0.5433071 0 P 0
L 2.2834645 1.0431102 2.2834645 1.0667322 0 P 0
L 2.2834646 0.5314961 2.2834646 0.5551181 0 P 0
L 2.2887795 1.2971654 2.2887795 1.3571654 0 P 0
L 2.2933071 1.2114173 2.2933071 1.2429134 0 P 0
L 2.2933071 1.2614173 2.2933071 1.2929134 0 P 0
L 2.2933071 1.3614174 2.2933071 1.3929135 0 P 0
L 2.2992126 0.5137795 2.2992126 0.5728347 0 P 0
L 2.2992126 1.0253936 2.2992126 1.0844488 0 P 0
L 2.3329843 0.0193779 2.3329843 0.4333779 0 P 0
L 2.5295275 0.0466536 2.5295275 0.0781497 0 P 0
L 2.5295275 0.0466536 2.5885827 0.0466536 0 P 0
L 2.5295275 0.0781497 2.5885827 0.0781497 0 P 0
L 2.5295275 0.0966536 2.5295275 0.1281497 0 P 0
L 2.5295275 0.0966536 2.5885827 0.0966536 0 P 0
L 2.5295275 0.1281497 2.5885827 0.1281497 0 P 0
L 2.5295275 0.1466536 2.5295275 0.1781497 0 P 0
L 2.5295275 0.1466536 2.5885827 0.1466536 0 P 0
L 2.5295275 0.1781497 2.5885827 0.1781497 0 P 0
L 2.5295275 0.2466536 2.5295275 0.2781497 0 P 0
L 2.5295275 0.2466536 2.5885827 0.2466536 0 P 0
L 2.5295275 0.2781497 2.5885827 0.2781497 0 P 0
L 2.5295275 0.2966536 2.5295275 0.3281497 0 P 0
L 2.5295275 0.2966536 2.5885827 0.2966536 0 P 0
L 2.5295275 0.3281497 2.5885827 0.3281497 0 P 0
L 2.5295275 0.3466536 2.5295275 0.3781497 0 P 0
L 2.5295275 0.3466536 2.5885827 0.3466536 0 P 0
L 2.5295275 0.3781497 2.5885827 0.3781497 0 P 0
L 2.5295275 0.3966536 2.5295275 0.4281497 0 P 0
L 2.5295275 0.3966536 2.5885827 0.3966536 0 P 0
L 2.5295275 0.4281497 2.5885827 0.4281497 0 P 0
L 2.5295275 0.4466536 2.5295275 0.4781497 0 P 0
L 2.5295275 0.4466536 2.5885827 0.4466536 0 P 0
L 2.5295275 0.4781497 2.5885827 0.4781497 0 P 0
L 2.5295275 0.4966536 2.5295275 0.5281497 0 P 0
L 2.5295275 0.4966536 2.5885827 0.4966536 0 P 0
L 2.5295275 0.5281497 2.5885827 0.5281497 0 P 0
L 2.5295275 0.5466536 2.5295275 0.5781497 0 P 0
L 2.5295275 0.5466536 2.5885827 0.5466536 0 P 0
L 2.5295275 0.5781497 2.5885827 0.5781497 0 P 0
L 2.5295275 0.5966536 2.5295275 0.6281497 0 P 0
L 2.5295275 0.5966536 2.5885827 0.5966536 0 P 0
L 2.5295275 0.6281497 2.5885827 0.6281497 0 P 0
L 2.5295275 0.6466536 2.5295275 0.6781497 0 P 0
L 2.5295275 0.6466536 2.5885827 0.6466536 0 P 0
L 2.5295275 0.6781497 2.5885827 0.6781497 0 P 0
L 2.5295275 0.6966536 2.5295275 0.7281497 0 P 0
L 2.5295275 0.6966536 2.5885827 0.6966536 0 P 0
L 2.5295275 0.7281497 2.5885827 0.7281497 0 P 0
L 2.5295275 0.7466536 2.5295275 0.7781497 0 P 0
L 2.5295275 0.7466536 2.5885827 0.7466536 0 P 0
L 2.5295275 0.7781497 2.5885827 0.7781497 0 P 0
L 2.5295275 0.7966536 2.5295275 0.8281497 0 P 0
L 2.5295275 0.7966536 2.5885827 0.7966536 0 P 0
L 2.5295275 0.8281497 2.5885827 0.8281497 0 P 0
L 2.5295275 0.8466536 2.5295275 0.8781497 0 P 0
L 2.5295275 0.8466536 2.5885827 0.8466536 0 P 0
L 2.5295275 0.8781497 2.5885827 0.8781497 0 P 0
L 2.5295275 0.8966536 2.5295275 0.9281497 0 P 0
L 2.5295275 0.8966536 2.5885827 0.8966536 0 P 0
L 2.5295275 0.9281497 2.5885827 0.9281497 0 P 0
L 2.5295275 0.9466536 2.5295275 0.9781497 0 P 0
L 2.5295275 0.9466536 2.5885827 0.9466536 0 P 0
L 2.5295275 0.9781497 2.5885827 0.9781497 0 P 0
L 2.5295275 0.9966536 2.5295275 1.0281497 0 P 0
L 2.5295275 0.9966536 2.5885827 0.9966536 0 P 0
L 2.5295275 1.0281497 2.5885827 1.0281497 0 P 0
L 2.5295275 1.0466536 2.5295275 1.0781497 0 P 0
L 2.5295275 1.0466536 2.5885827 1.0466536 0 P 0
L 2.5295275 1.0781497 2.5885827 1.0781497 0 P 0
L 2.5295275 1.0966536 2.5295275 1.1281497 0 P 0
L 2.5295275 1.0966536 2.5885827 1.0966536 0 P 0
L 2.5295275 1.1281497 2.5885827 1.1281497 0 P 0
L 2.5295275 1.1466536 2.5295275 1.1781497 0 P 0
L 2.5295275 1.1466536 2.5885827 1.1466536 0 P 0
L 2.5295275 1.1781497 2.5885827 1.1781497 0 P 0
L 2.5295275 1.1966536 2.5295275 1.2281497 0 P 0
L 2.5295275 1.1966536 2.5885827 1.1966536 0 P 0
L 2.5295275 1.2281497 2.5885827 1.2281497 0 P 0
L 2.5295275 1.2466536 2.5295275 1.2781497 0 P 0
L 2.5295275 1.2466536 2.5885827 1.2466536 0 P 0
L 2.5295275 1.2781497 2.5885827 1.2781497 0 P 0
L 2.5295275 1.2966536 2.5295275 1.3281497 0 P 0
L 2.5295275 1.2966536 2.5885827 1.2966536 0 P 0
L 2.5295275 1.3281497 2.5885827 1.3281497 0 P 0
L 2.5295275 1.3466536 2.5295275 1.3781497 0 P 0
L 2.5295275 1.3466536 2.5885827 1.3466536 0 P 0
L 2.5295275 1.3781497 2.5885827 1.3781497 0 P 0
L 2.5295275 1.3966536 2.5295275 1.4281497 0 P 0
L 2.5295275 1.3966536 2.5885827 1.3966536 0 P 0
L 2.5295275 1.4281497 2.5885827 1.4281497 0 P 0
L 2.5295275 1.4466536 2.5295275 1.4781497 0 P 0
L 2.5295275 1.4466536 2.5885827 1.4466536 0 P 0
L 2.5295275 1.4781497 2.5885827 1.4781497 0 P 0
L 2.5472441 0.0624016 2.5708661 0.0624016 0 P 0
L 2.5472441 0.1124016 2.5708661 0.1124016 0 P 0
L 2.5472441 0.1624016 2.5708661 0.1624016 0 P 0
L 2.5472441 0.2624016 2.5708661 0.2624016 0 P 0
L 2.5472441 0.3124016 2.5708661 0.3124016 0 P 0
L 2.5472441 0.3624016 2.5708661 0.3624016 0 P 0
L 2.5472441 0.4124016 2.5708661 0.4124016 0 P 0
L 2.5472441 0.4624016 2.5708661 0.4624016 0 P 0
L 2.5472441 0.5124016 2.5708661 0.5124016 0 P 0
L 2.5472441 0.5624016 2.5708661 0.5624016 0 P 0
L 2.5472441 0.6124016 2.5708661 0.6124016 0 P 0
L 2.5472441 0.6624016 2.5708661 0.6624016 0 P 0
L 2.5472441 0.7124016 2.5708661 0.7124016 0 P 0
L 2.5472441 0.7624016 2.5708661 0.7624016 0 P 0
L 2.5472441 0.8124016 2.5708661 0.8124016 0 P 0
L 2.5472441 0.8624016 2.5708661 0.8624016 0 P 0
L 2.5472441 0.9124016 2.5708661 0.9124016 0 P 0
L 2.5472441 0.9624016 2.5708661 0.9624016 0 P 0
L 2.5472441 1.0124016 2.5708661 1.0124016 0 P 0
L 2.5472441 1.0624016 2.5708661 1.0624016 0 P 0
L 2.5472441 1.1124016 2.5708661 1.1124016 0 P 0
L 2.5472441 1.1624016 2.5708661 1.1624016 0 P 0
L 2.5472441 1.2124016 2.5708661 1.2124016 0 P 0
L 2.5472441 1.2624016 2.5708661 1.2624016 0 P 0
L 2.5472441 1.3124016 2.5708661 1.3124016 0 P 0
L 2.5472441 1.3624016 2.5708661 1.3624016 0 P 0
L 2.5472441 1.4124016 2.5708661 1.4124016 0 P 0
L 2.5472441 1.4624016 2.5708661 1.4624016 0 P 0
L 2.5590551 0.0505906 2.5590551 0.0742126 0 P 0
L 2.5590551 0.1005906 2.5590551 0.1242126 0 P 0
L 2.5590551 0.1505906 2.5590551 0.1742126 0 P 0
L 2.5590551 0.2505906 2.5590551 0.2742126 0 P 0
L 2.5590551 0.3005906 2.5590551 0.3242126 0 P 0
L 2.5590551 0.3505906 2.5590551 0.3742126 0 P 0
L 2.5590551 0.4005906 2.5590551 0.4242126 0 P 0
L 2.5590551 0.4505906 2.5590551 0.4742126 0 P 0
L 2.5590551 0.5005906 2.5590551 0.5242126 0 P 0
L 2.5590551 0.5505906 2.5590551 0.5742126 0 P 0
L 2.5590551 0.6005906 2.5590551 0.6242126 0 P 0
L 2.5590551 0.6505906 2.5590551 0.6742126 0 P 0
L 2.5590551 0.7005906 2.5590551 0.7242126 0 P 0
L 2.5590551 0.7505906 2.5590551 0.7742126 0 P 0
L 2.5590551 0.8005906 2.5590551 0.8242126 0 P 0
L 2.5590551 0.8505906 2.5590551 0.8742126 0 P 0
L 2.5590551 0.9005906 2.5590551 0.9242126 0 P 0
L 2.5590551 0.9505906 2.5590551 0.9742126 0 P 0
L 2.5590551 1.0005906 2.5590551 1.0242126 0 P 0
L 2.5590551 1.0505906 2.5590551 1.0742126 0 P 0
L 2.5590551 1.1005906 2.5590551 1.1242126 0 P 0
L 2.5590551 1.1505906 2.5590551 1.1742126 0 P 0
L 2.5590551 1.2005906 2.5590551 1.2242126 0 P 0
L 2.5590551 1.2505906 2.5590551 1.2742126 0 P 0
L 2.5590551 1.3005906 2.5590551 1.3242126 0 P 0
L 2.5590551 1.3505906 2.5590551 1.3742126 0 P 0
L 2.5590551 1.4005906 2.5590551 1.4242126 0 P 0
L 2.5590551 1.4505906 2.5590551 1.4742126 0 P 0
L 2.5885827 0.0466536 2.5885827 0.0781497 0 P 0
L 2.5885827 0.0966536 2.5885827 0.1281497 0 P 0
L 2.5885827 0.1466536 2.5885827 0.1781497 0 P 0
L 2.5885827 0.2466536 2.5885827 0.2781497 0 P 0
L 2.5885827 0.2966536 2.5885827 0.3281497 0 P 0
L 2.5885827 0.3466536 2.5885827 0.3781497 0 P 0
L 2.5885827 0.3966536 2.5885827 0.4281497 0 P 0
L 2.5885827 0.4466536 2.5885827 0.4781497 0 P 0
L 2.5885827 0.4966536 2.5885827 0.5281497 0 P 0
L 2.5885827 0.5466536 2.5885827 0.5781497 0 P 0
L 2.5885827 0.5966536 2.5885827 0.6281497 0 P 0
L 2.5885827 0.6466536 2.5885827 0.6781497 0 P 0
L 2.5885827 0.6966536 2.5885827 0.7281497 0 P 0
L 2.5885827 0.7466536 2.5885827 0.7781497 0 P 0
L 2.5885827 0.7966536 2.5885827 0.8281497 0 P 0
L 2.5885827 0.8466536 2.5885827 0.8781497 0 P 0
L 2.5885827 0.8966536 2.5885827 0.9281497 0 P 0
L 2.5885827 0.9466536 2.5885827 0.9781497 0 P 0
L 2.5885827 0.9966536 2.5885827 1.0281497 0 P 0
L 2.5885827 1.0466536 2.5885827 1.0781497 0 P 0
L 2.5885827 1.0966536 2.5885827 1.1281497 0 P 0
L 2.5885827 1.1466536 2.5885827 1.1781497 0 P 0
L 2.5885827 1.1966536 2.5885827 1.2281497 0 P 0
L 2.5885827 1.2466536 2.5885827 1.2781497 0 P 0
L 2.5885827 1.2966536 2.5885827 1.3281497 0 P 0
L 2.5885827 1.3466536 2.5885827 1.3781497 0 P 0
L 2.5885827 1.3966536 2.5885827 1.4281497 0 P 0
L 2.5885827 1.4466536 2.5885827 1.4781497 0 P 0
L 2.9232283 0.0966536 2.9232283 0.1281497 0 P 0
L 2.9232283 0.0966536 2.9822835 0.0966536 0 P 0
L 2.9232283 0.1281497 2.9822835 0.1281497 0 P 0
L 2.9232283 0.1466536 2.9232283 0.1781497 0 P 0
L 2.9232283 0.1466536 2.9822835 0.1466536 0 P 0
L 2.9232283 0.1781497 2.9822835 0.1781497 0 P 0
L 2.9232283 0.1966536 2.9232283 0.2281497 0 P 0
L 2.9232283 0.1966536 2.9822835 0.1966536 0 P 0
L 2.9232283 0.2281497 2.9822835 0.2281497 0 P 0
L 2.9232283 0.2466536 2.9232283 0.2781497 0 P 0
L 2.9232283 0.2466536 2.9822835 0.2466536 0 P 0
L 2.9232283 0.2781497 2.9822835 0.2781497 0 P 0
L 2.9232283 0.2966536 2.9232283 0.3281497 0 P 0
L 2.9232283 0.2966536 2.9822835 0.2966536 0 P 0
L 2.9232283 0.3281497 2.9822835 0.3281497 0 P 0
L 2.9232283 0.3466536 2.9232283 0.3781497 0 P 0
L 2.9232283 0.3466536 2.9822835 0.3466536 0 P 0
L 2.9232283 0.3781497 2.9822835 0.3781497 0 P 0
L 2.9232283 0.3966536 2.9232283 0.4281497 0 P 0
L 2.9232283 0.3966536 2.9822835 0.3966536 0 P 0
L 2.9232283 0.4281497 2.9822835 0.4281497 0 P 0
L 2.9232283 0.4466536 2.9232283 0.4781497 0 P 0
L 2.9232283 0.4466536 2.9822835 0.4466536 0 P 0
L 2.9232283 0.4781497 2.9822835 0.4781497 0 P 0
L 2.9232283 0.4966536 2.9232283 0.5281497 0 P 0
L 2.9232283 0.4966536 2.9822835 0.4966536 0 P 0
L 2.9232283 0.5281497 2.9822835 0.5281497 0 P 0
L 2.9232283 0.5466536 2.9232283 0.5781497 0 P 0
L 2.9232283 0.5466536 2.9822835 0.5466536 0 P 0
L 2.9232283 0.5781497 2.9822835 0.5781497 0 P 0
L 2.9232283 0.5966536 2.9232283 0.6281497 0 P 0
L 2.9232283 0.5966536 2.9822835 0.5966536 0 P 0
L 2.9232283 0.6281497 2.9822835 0.6281497 0 P 0
L 2.9232283 0.6466536 2.9232283 0.6781497 0 P 0
L 2.9232283 0.6466536 2.9822835 0.6466536 0 P 0
L 2.9232283 0.6781497 2.9822835 0.6781497 0 P 0
L 2.9232283 0.6966536 2.9232283 0.7281497 0 P 0
L 2.9232283 0.6966536 2.9822835 0.6966536 0 P 0
L 2.9232283 0.7281497 2.9822835 0.7281497 0 P 0
L 2.9232283 0.7466536 2.9232283 0.7781497 0 P 0
L 2.9232283 0.7466536 2.9822835 0.7466536 0 P 0
L 2.9232283 0.7781497 2.9822835 0.7781497 0 P 0
L 2.9232283 0.7966536 2.9232283 0.8281497 0 P 0
L 2.9232283 0.7966536 2.9822835 0.7966536 0 P 0
L 2.9232283 0.8281497 2.9822835 0.8281497 0 P 0
L 2.9232283 0.8466536 2.9232283 0.8781497 0 P 0
L 2.9232283 0.8466536 2.9822835 0.8466536 0 P 0
L 2.9232283 0.8781497 2.9822835 0.8781497 0 P 0
L 2.9232283 0.8966536 2.9232283 0.9281497 0 P 0
L 2.9232283 0.8966536 2.9822835 0.8966536 0 P 0
L 2.9232283 0.9281497 2.9822835 0.9281497 0 P 0
L 2.9232283 0.9466536 2.9232283 0.9781497 0 P 0
L 2.9232283 0.9466536 2.9822835 0.9466536 0 P 0
L 2.9232283 0.9781497 2.9822835 0.9781497 0 P 0
L 2.9232283 0.9966536 2.9232283 1.0281497 0 P 0
L 2.9232283 0.9966536 2.9822835 0.9966536 0 P 0
L 2.9232283 1.0281497 2.9822835 1.0281497 0 P 0
L 2.9232283 1.0466536 2.9232283 1.0781497 0 P 0
L 2.9232283 1.0466536 2.9822835 1.0466536 0 P 0
L 2.9232283 1.0781497 2.9822835 1.0781497 0 P 0
L 2.9232283 1.0966536 2.9232283 1.1281497 0 P 0
L 2.9232283 1.0966536 2.9822835 1.0966536 0 P 0
L 2.9232283 1.1281497 2.9822835 1.1281497 0 P 0
L 2.9232283 1.1466536 2.9232283 1.1781497 0 P 0
L 2.9232283 1.1466536 2.9822835 1.1466536 0 P 0
L 2.9232283 1.1781497 2.9822835 1.1781497 0 P 0
L 2.9232283 1.1966536 2.9232283 1.2281497 0 P 0
L 2.9232283 1.1966536 2.9822835 1.1966536 0 P 0
L 2.9232283 1.2281497 2.9822835 1.2281497 0 P 0
L 2.9232283 1.2466536 2.9232283 1.2781497 0 P 0
L 2.9232283 1.2466536 2.9822835 1.2466536 0 P 0
L 2.9232283 1.2781497 2.9822835 1.2781497 0 P 0
L 2.9232283 1.2966536 2.9232283 1.3281497 0 P 0
L 2.9232283 1.2966536 2.9822835 1.2966536 0 P 0
L 2.9232283 1.3281497 2.9822835 1.3281497 0 P 0
L 2.9232283 1.3466536 2.9232283 1.3781497 0 P 0
L 2.9232283 1.3466536 2.9822835 1.3466536 0 P 0
L 2.9232283 1.3781497 2.9822835 1.3781497 0 P 0
L 2.9232283 1.4466536 2.9232283 1.4781497 0 P 0
L 2.9232283 1.4466536 2.9822835 1.4466536 0 P 0
L 2.9232283 1.4781497 2.9822835 1.4781497 0 P 0
L 2.9232283 1.4966536 2.9232283 1.5281497 0 P 0
L 2.9232283 1.4966536 2.9822835 1.4966536 0 P 0
L 2.9232283 1.5281497 2.9822835 1.5281497 0 P 0
L 2.9409449 0.1124017 2.9645669 0.1124017 0 P 0
L 2.9409449 0.1624017 2.9645669 0.1624017 0 P 0
L 2.9409449 0.2124017 2.9645669 0.2124017 0 P 0
L 2.9409449 0.2624017 2.9645669 0.2624017 0 P 0
L 2.9409449 0.3124017 2.9645669 0.3124017 0 P 0
L 2.9409449 0.3624017 2.9645669 0.3624017 0 P 0
L 2.9409449 0.4124017 2.9645669 0.4124017 0 P 0
L 2.9409449 0.4624017 2.9645669 0.4624017 0 P 0
L 2.9409449 0.5124017 2.9645669 0.5124017 0 P 0
L 2.9409449 0.5624017 2.9645669 0.5624017 0 P 0
L 2.9409449 0.6124017 2.9645669 0.6124017 0 P 0
L 2.9409449 0.6624017 2.9645669 0.6624017 0 P 0
L 2.9409449 0.7124017 2.9645669 0.7124017 0 P 0
L 2.9409449 0.7624017 2.9645669 0.7624017 0 P 0
L 2.9409449 0.8124017 2.9645669 0.8124017 0 P 0
L 2.9409449 0.8624017 2.9645669 0.8624017 0 P 0
L 2.9409449 0.9124017 2.9645669 0.9124017 0 P 0
L 2.9409449 0.9624017 2.9645669 0.9624017 0 P 0
L 2.9409449 1.0124017 2.9645669 1.0124017 0 P 0
L 2.9409449 1.0624017 2.9645669 1.0624017 0 P 0
L 2.9409449 1.1124017 2.9645669 1.1124017 0 P 0
L 2.9409449 1.1624017 2.9645669 1.1624017 0 P 0
L 2.9409449 1.2124017 2.9645669 1.2124017 0 P 0
L 2.9409449 1.2624017 2.9645669 1.2624017 0 P 0
L 2.9409449 1.3124017 2.9645669 1.3124017 0 P 0
L 2.9409449 1.3624017 2.9645669 1.3624017 0 P 0
L 2.9409449 1.4624017 2.9645669 1.4624017 0 P 0
L 2.9409449 1.5124017 2.9645669 1.5124017 0 P 0
L 2.9527559 0.1005907 2.9527559 0.1242127 0 P 0
L 2.9527559 0.1505907 2.9527559 0.1742127 0 P 0
L 2.9527559 0.2005907 2.9527559 0.2242127 0 P 0
L 2.9527559 0.2505907 2.9527559 0.2742127 0 P 0
L 2.9527559 0.3005907 2.9527559 0.3242127 0 P 0
L 2.9527559 0.3505907 2.9527559 0.3742127 0 P 0
L 2.9527559 0.4005907 2.9527559 0.4242127 0 P 0
L 2.9527559 0.4505907 2.9527559 0.4742127 0 P 0
L 2.9527559 0.5005907 2.9527559 0.5242127 0 P 0
L 2.9527559 0.5505907 2.9527559 0.5742127 0 P 0
L 2.9527559 0.6005907 2.9527559 0.6242127 0 P 0
L 2.9527559 0.6505907 2.9527559 0.6742127 0 P 0
L 2.9527559 0.7005907 2.9527559 0.7242127 0 P 0
L 2.9527559 0.7505907 2.9527559 0.7742127 0 P 0
L 2.9527559 0.8005907 2.9527559 0.8242127 0 P 0
L 2.9527559 0.8505907 2.9527559 0.8742127 0 P 0
L 2.9527559 0.9005907 2.9527559 0.9242127 0 P 0
L 2.9527559 0.9505907 2.9527559 0.9742127 0 P 0
L 2.9527559 1.0005907 2.9527559 1.0242127 0 P 0
L 2.9527559 1.0505907 2.9527559 1.0742127 0 P 0
L 2.9527559 1.1005907 2.9527559 1.1242127 0 P 0
L 2.9527559 1.1505907 2.9527559 1.1742127 0 P 0
L 2.9527559 1.2005907 2.9527559 1.2242127 0 P 0
L 2.9527559 1.2505907 2.9527559 1.2742127 0 P 0
L 2.9527559 1.3005907 2.9527559 1.3242127 0 P 0
L 2.9527559 1.3505907 2.9527559 1.3742127 0 P 0
L 2.9527559 1.4505907 2.9527559 1.4742127 0 P 0
L 2.9527559 1.5005907 2.9527559 1.5242127 0 P 0
L 2.9822835 0.0966536 2.9822835 0.1281497 0 P 0
L 2.9822835 0.1466536 2.9822835 0.1781497 0 P 0
L 2.9822835 0.1966536 2.9822835 0.2281497 0 P 0
L 2.9822835 0.2466536 2.9822835 0.2781497 0 P 0
L 2.9822835 0.2966536 2.9822835 0.3281497 0 P 0
L 2.9822835 0.3466536 2.9822835 0.3781497 0 P 0
L 2.9822835 0.3966536 2.9822835 0.4281497 0 P 0
L 2.9822835 0.4466536 2.9822835 0.4781497 0 P 0
L 2.9822835 0.4966536 2.9822835 0.5281497 0 P 0
L 2.9822835 0.5466536 2.9822835 0.5781497 0 P 0
L 2.9822835 0.5966536 2.9822835 0.6281497 0 P 0
L 2.9822835 0.6466536 2.9822835 0.6781497 0 P 0
L 2.9822835 0.6966536 2.9822835 0.7281497 0 P 0
L 2.9822835 0.7466536 2.9822835 0.7781497 0 P 0
L 2.9822835 0.7966536 2.9822835 0.8281497 0 P 0
L 2.9822835 0.8466536 2.9822835 0.8781497 0 P 0
L 2.9822835 0.8966536 2.9822835 0.9281497 0 P 0
L 2.9822835 0.9466536 2.9822835 0.9781497 0 P 0
L 2.9822835 0.9966536 2.9822835 1.0281497 0 P 0
L 2.9822835 1.0466536 2.9822835 1.0781497 0 P 0
L 2.9822835 1.0966536 2.9822835 1.1281497 0 P 0
L 2.9822835 1.1466536 2.9822835 1.1781497 0 P 0
L 2.9822835 1.1966536 2.9822835 1.2281497 0 P 0
L 2.9822835 1.2466536 2.9822835 1.2781497 0 P 0
L 2.9822835 1.2966536 2.9822835 1.3281497 0 P 0
L 2.9822835 1.3466536 2.9822835 1.3781497 0 P 0
L 2.9822835 1.4466536 2.9822835 1.4781497 0 P 0
L 2.9822835 1.4966536 2.9822835 1.5281497 0 P 0
