#Layer_Color=32768
#
#Feature symbol names
#
$0 r1.9685
$1 r3.937
$2 r0.7874

#
#Feature attribute names
#

#
#Layer features
#
L -0.015748 0.7783465 -0.015748 0.8374017 2 P 0
L 0.015748 0.7783465 0.015748 0.8374017 2 P 0
L -0.016 0.7783465 0.0154961 0.7783465 2 P 0
L -0.016 0.8374017 0.0154961 0.8374017 2 P 0
L -0.0172047 0.1635906 -0.0172047 0.3875906 0 P 0
L -0.0172047 0.1635906 0.2927953 0.1635906 0 P 0
L -0.0172047 0.3875906 0.2927953 0.3875906 0 P 0
L -0.0172047 0.399811 -0.0172047 0.623811 0 P 0
L -0.0172047 0.399811 0.2927953 0.399811 0 P 0
L -0.0172047 0.623811 0.2927953 0.623811 0 P 0
L -0.0172047 0.9509921 -0.0172047 1.1749921 0 P 0
L -0.0172047 0.9509921 0.2927953 0.9509921 0 P 0
L -0.0172047 1.1749921 0.2927953 1.1749921 0 P 0
L -0.0172047 1.1872126 -0.0172047 1.4112126 0 P 0
L -0.0172047 1.1872126 0.2927953 1.1872126 0 P 0
L -0.0172047 1.4112126 0.2927953 1.4112126 0 P 0
L 0.0481102 0.7274016 0.0481102 0.8474016 0 P 0
L 0.0481102 0.7274016 0.1881102 0.7274016 0 P 0
L 0.0481102 0.8474016 0.1881102 0.8474016 0 P 0
L 0.1673228 0.0466536 0.226378 0.0466536 2 P 0
L 0.1673228 0.0469055 0.1673228 0.0784016 2 P 0
L 0.1673228 0.0781496 0.226378 0.0781496 2 P 0
L 0.1673228 0.0966536 0.226378 0.0966536 2 P 0
L 0.1673228 0.0969055 0.1673228 0.1284016 2 P 0
L 0.1673228 0.1281496 0.226378 0.1281496 2 P 0
L 0.1673228 0.1466536 0.226378 0.1466536 2 P 0
L 0.1673228 0.1469055 0.1673228 0.1784016 2 P 0
L 0.1673228 0.1781496 0.226378 0.1781496 2 P 0
L 0.1673228 0.2466536 0.226378 0.2466536 2 P 0
L 0.1673228 0.2469055 0.1673228 0.2784016 2 P 0
L 0.1673228 0.2781496 0.226378 0.2781496 2 P 0
L 0.1673228 0.2966536 0.226378 0.2966536 2 P 0
L 0.1673228 0.2969055 0.1673228 0.3284016 2 P 0
L 0.1673228 0.3281496 0.226378 0.3281496 2 P 0
L 0.1673228 0.3466536 0.226378 0.3466536 2 P 0
L 0.1673228 0.3469055 0.1673228 0.3784016 2 P 0
L 0.1673228 0.3781496 0.226378 0.3781496 2 P 0
L 0.1673228 0.3966536 0.226378 0.3966536 2 P 0
L 0.1673228 0.3969055 0.1673228 0.4284016 2 P 0
L 0.1673228 0.4281496 0.226378 0.4281496 2 P 0
L 0.1673228 0.4466536 0.226378 0.4466536 2 P 0
L 0.1673228 0.4469055 0.1673228 0.4784016 2 P 0
L 0.1673228 0.4781496 0.226378 0.4781496 2 P 0
L 0.1673228 0.4966536 0.226378 0.4966536 2 P 0
L 0.1673228 0.4969055 0.1673228 0.5284016 2 P 0
L 0.1673228 0.5281496 0.226378 0.5281496 2 P 0
L 0.1673228 0.5466536 0.226378 0.5466536 2 P 0
L 0.1673228 0.5469055 0.1673228 0.5784016 2 P 0
L 0.1673228 0.5781496 0.226378 0.5781496 2 P 0
L 0.1673228 0.5966536 0.226378 0.5966536 2 P 0
L 0.1673228 0.5969055 0.1673228 0.6284016 2 P 0
L 0.1673228 0.6281496 0.226378 0.6281496 2 P 0
L 0.1673228 0.6466536 0.226378 0.6466536 2 P 0
L 0.1673228 0.6469055 0.1673228 0.6784016 2 P 0
L 0.1673228 0.6781496 0.226378 0.6781496 2 P 0
L 0.1673228 0.6966536 0.226378 0.6966536 2 P 0
L 0.1673228 0.6969055 0.1673228 0.7284016 2 P 0
L 0.1673228 0.7281496 0.226378 0.7281496 2 P 0
L 0.1673228 0.7466536 0.226378 0.7466536 2 P 0
L 0.1673228 0.7469055 0.1673228 0.7784016 2 P 0
L 0.1673228 0.7781496 0.226378 0.7781496 2 P 0
L 0.1673228 0.7966536 0.226378 0.7966536 2 P 0
L 0.1673228 0.7969055 0.1673228 0.8284016 2 P 0
L 0.1673228 0.8281496 0.226378 0.8281496 2 P 0
L 0.1673228 0.8466536 0.226378 0.8466536 2 P 0
L 0.1673228 0.8469055 0.1673228 0.8784016 2 P 0
L 0.1673228 0.8781496 0.226378 0.8781496 2 P 0
L 0.1673228 0.8966536 0.226378 0.8966536 2 P 0
L 0.1673228 0.8969055 0.1673228 0.9284016 2 P 0
L 0.1673228 0.9281496 0.226378 0.9281496 2 P 0
L 0.1673228 0.9466536 0.226378 0.9466536 2 P 0
L 0.1673228 0.9469055 0.1673228 0.9784016 2 P 0
L 0.1673228 0.9781496 0.226378 0.9781496 2 P 0
L 0.1673228 0.9966536 0.226378 0.9966536 2 P 0
L 0.1673228 0.9969055 0.1673228 1.0284016 2 P 0
L 0.1673228 1.0281496 0.226378 1.0281496 2 P 0
L 0.1673228 1.0466536 0.226378 1.0466536 2 P 0
L 0.1673228 1.0469055 0.1673228 1.0784016 2 P 0
L 0.1673228 1.0781496 0.226378 1.0781496 2 P 0
L 0.1673228 1.0966536 0.226378 1.0966536 2 P 0
L 0.1673228 1.0969055 0.1673228 1.1284016 2 P 0
L 0.1673228 1.1281496 0.226378 1.1281496 2 P 0
L 0.1673228 1.1466536 0.226378 1.1466536 2 P 0
L 0.1673228 1.1469055 0.1673228 1.1784016 2 P 0
L 0.1673228 1.1781496 0.226378 1.1781496 2 P 0
L 0.1673228 1.1966536 0.226378 1.1966536 2 P 0
L 0.1673228 1.1969055 0.1673228 1.2284016 2 P 0
L 0.1673228 1.2281496 0.226378 1.2281496 2 P 0
L 0.1673228 1.2466536 0.226378 1.2466536 2 P 0
L 0.1673228 1.2469055 0.1673228 1.2784016 2 P 0
L 0.1673228 1.2781496 0.226378 1.2781496 2 P 0
L 0.1673228 1.2966536 0.226378 1.2966536 2 P 0
L 0.1673228 1.2969055 0.1673228 1.3284016 2 P 0
L 0.1673228 1.3281496 0.226378 1.3281496 2 P 0
L 0.1673228 1.3466536 0.226378 1.3466536 2 P 0
L 0.1673228 1.3469055 0.1673228 1.3784016 2 P 0
L 0.1673228 1.3781496 0.226378 1.3781496 2 P 0
L 0.1673228 1.3966536 0.226378 1.3966536 2 P 0
L 0.1673228 1.3969055 0.1673228 1.4284016 2 P 0
L 0.1673228 1.4281496 0.226378 1.4281496 2 P 0
L 0.1673228 1.4466536 0.226378 1.4466536 2 P 0
L 0.1673228 1.4469055 0.1673228 1.4784016 2 P 0
L 0.1673228 1.4781496 0.226378 1.4781496 2 P 0
L 0.1881102 0.7274016 0.1881102 0.8474016 0 P 0
L 0.2172205 0.7374016 0.2172205 0.8374016 0 P 0
L 0.2172205 0.7374016 0.2552205 0.7374016 0 P 0
L 0.2172205 0.8374016 0.2552205 0.8374016 0 P 0
L 0.226378 0.0469055 0.226378 0.0784016 2 P 0
L 0.226378 0.0969055 0.226378 0.1284016 2 P 0
L 0.226378 0.1469055 0.226378 0.1784016 2 P 0
L 0.226378 0.2469055 0.226378 0.2784016 2 P 0
L 0.226378 0.2969055 0.226378 0.3284016 2 P 0
L 0.226378 0.3469055 0.226378 0.3784016 2 P 0
L 0.226378 0.3969055 0.226378 0.4284016 2 P 0
L 0.226378 0.4469055 0.226378 0.4784016 2 P 0
L 0.226378 0.4969055 0.226378 0.5284016 2 P 0
L 0.226378 0.5469055 0.226378 0.5784016 2 P 0
L 0.226378 0.5969055 0.226378 0.6284016 2 P 0
L 0.226378 0.6469055 0.226378 0.6784016 2 P 0
L 0.226378 0.6969055 0.226378 0.7284016 2 P 0
L 0.226378 0.7469055 0.226378 0.7784016 2 P 0
L 0.226378 0.7969055 0.226378 0.8284016 2 P 0
L 0.226378 0.8469055 0.226378 0.8784016 2 P 0
L 0.226378 0.8969055 0.226378 0.9284016 2 P 0
L 0.226378 0.9469055 0.226378 0.9784016 2 P 0
L 0.226378 0.9969055 0.226378 1.0284016 2 P 0
L 0.226378 1.0469055 0.226378 1.0784016 2 P 0
L 0.226378 1.0969055 0.226378 1.1284016 2 P 0
L 0.226378 1.1469055 0.226378 1.1784016 2 P 0
L 0.226378 1.1969055 0.226378 1.2284016 2 P 0
L 0.226378 1.2469055 0.226378 1.2784016 2 P 0
L 0.226378 1.2969055 0.226378 1.3284016 2 P 0
L 0.226378 1.3469055 0.226378 1.3784016 2 P 0
L 0.226378 1.3969055 0.226378 1.4284016 2 P 0
L 0.226378 1.4469055 0.226378 1.4784016 2 P 0
L 0.2552205 0.7374016 0.2552205 0.8374016 0 P 0
L 0.2598426 0.7719488 0.2598426 0.831004 2 P 0
L 0.2600945 0.7719488 0.2915906 0.7719488 2 P 0
L 0.2600945 0.831004 0.2915906 0.831004 2 P 0
L 0.2913386 0.7719488 0.2913386 0.831004 2 P 0
L 0.2927953 0.1635906 0.2927953 0.3875906 0 P 0
L 0.2927953 0.399811 0.2927953 0.623811 0 P 0
L 0.2927953 0.9509921 0.2927953 1.1749921 0 P 0
L 0.2927953 1.1872126 0.2927953 1.4112126 0 P 0
L 0.2989606 0.7719488 0.3304567 0.7719488 2 P 0
L 0.2989606 0.831004 0.3304567 0.831004 2 P 0
L 0.2992126 0.7719488 0.2992126 0.831004 2 P 0
L 0.3067008 0.3067008 0.3067008 0.4807008 0 P 0
L 0.3067008 0.3067008 0.4807008 0.3067008 0 P 0
L 0.3067008 0.4807008 0.4807008 0.4807008 0 P 0
L 0.3067008 1.0941024 0.3067008 1.2681024 0 P 0
L 0.3067008 1.0941024 0.4807008 1.0941024 0 P 0
L 0.3067008 1.2681024 0.4807008 1.2681024 0 P 0
L 0.3307086 0.7719488 0.3307086 0.831004 2 P 0
L 0.3973858 1.28937 0.4288819 1.28937 2 P 0
L 0.3973858 1.3484252 0.4288819 1.3484252 2 P 0
L 0.3976377 0.2263779 0.3976377 0.2854331 2 P 0
L 0.3976377 0.5019685 0.3976377 0.5610237 2 P 0
L 0.3976378 1.0137795 0.3976378 1.0728347 2 P 0
L 0.3976378 1.28937 0.3976378 1.3484252 2 P 0
L 0.3978896 0.2263779 0.4293857 0.2263779 2 P 0
L 0.3978896 0.2854331 0.4293857 0.2854331 2 P 0
L 0.3978896 0.5019685 0.4293857 0.5019685 2 P 0
L 0.3978896 0.5610237 0.4293857 0.5610237 2 P 0
L 0.3978897 1.0137795 0.4293858 1.0137795 2 P 0
L 0.3978897 1.0728347 0.4293858 1.0728347 2 P 0
L 0.4035433 0.7320315 0.4035433 0.7635276 2 P 0
L 0.4035433 0.7322835 0.4625985 0.7322835 2 P 0
L 0.4035433 0.7637795 0.4625985 0.7637795 2 P 0
L 0.4035433 0.7714016 0.4035433 0.8028977 2 P 0
L 0.4035433 0.7716536 0.4625985 0.7716536 2 P 0
L 0.4035433 0.8031496 0.4625985 0.8031496 2 P 0
L 0.4035433 0.8110237 0.4625985 0.8110237 2 P 0
L 0.4035433 0.8112756 0.4035433 0.8427717 2 P 0
L 0.4035433 0.8425197 0.4625985 0.8425197 2 P 0
L 0.4291337 0.2263779 0.4291337 0.2854331 2 P 0
L 0.4291337 0.5019685 0.4291337 0.5610237 2 P 0
L 0.4291338 1.0137795 0.4291338 1.0728347 2 P 0
L 0.4291338 1.28937 0.4291338 1.3484252 2 P 0
L 0.4367559 1.0137795 0.468252 1.0137795 2 P 0
L 0.4367559 1.0728347 0.468252 1.0728347 2 P 0
L 0.436756 0.2263779 0.4682521 0.2263779 2 P 0
L 0.436756 0.2854331 0.4682521 0.2854331 2 P 0
L 0.436756 0.5019685 0.4682521 0.5019685 2 P 0
L 0.436756 0.5610237 0.4682521 0.5610237 2 P 0
L 0.4370079 1.0137795 0.4370079 1.0728347 2 P 0
L 0.4370079 1.28937 0.4370079 1.3484252 2 P 0
L 0.437008 0.2263779 0.437008 0.2854331 2 P 0
L 0.437008 0.5019685 0.437008 0.5610237 2 P 0
L 0.4372598 1.28937 0.4687559 1.28937 2 P 0
L 0.4372598 1.3484252 0.4687559 1.3484252 2 P 0
L 0.4625985 0.7320315 0.4625985 0.7635276 2 P 0
L 0.4625985 0.7714016 0.4625985 0.8028977 2 P 0
L 0.4625985 0.8112756 0.4625985 0.8427717 2 P 0
L 0.4685039 1.0137795 0.4685039 1.0728347 2 P 0
L 0.4685039 1.28937 0.4685039 1.3484252 2 P 0
L 0.468504 0.2263779 0.468504 0.2854331 2 P 0
L 0.468504 0.5019685 0.468504 0.5610237 2 P 0
L 0.4807008 0.3067008 0.4807008 0.4807008 0 P 0
L 0.4807008 1.0941024 0.4807008 1.2681024 0 P 0
L 0.4871811 0.7274016 0.4871811 0.8474016 0 P 0
L 0.4871811 0.7274016 0.6151811 0.7274016 0 P 0
L 0.4871811 0.8474016 0.6151811 0.8474016 0 P 0
L 0.4971811 0.3327008 0.4971811 0.4547008 0 P 0
L 0.4971811 0.3327008 0.6051811 0.3327008 0 P 0
L 0.4971811 0.4547008 0.6051811 0.4547008 0 P 0
L 0.4971811 1.1201024 0.4971811 1.2421024 0 P 0
L 0.4971811 1.1201024 0.6051811 1.1201024 0 P 0
L 0.4971811 1.2421024 0.6051811 1.2421024 0 P 0
L 0.5413385 0.2229764 0.5413385 0.2544725 2 P 0
L 0.5413385 0.2232284 0.6003937 0.2232284 2 P 0
L 0.5413385 0.2547244 0.6003937 0.2547244 2 P 0
L 0.5413385 0.2568346 0.5413385 0.2883307 2 P 0
L 0.5413385 0.2570866 0.6003937 0.2570866 2 P 0
L 0.5413385 0.2885826 0.6003937 0.2885826 2 P 0
L 0.5413385 0.4649607 0.6003937 0.4649607 2 P 0
L 0.5413385 0.4652126 0.5413385 0.4967087 2 P 0
L 0.5413385 0.4964567 0.6003937 0.4964567 2 P 0
L 0.5413385 0.498819 0.6003937 0.498819 2 P 0
L 0.5413385 0.4990709 0.5413385 0.530567 2 P 0
L 0.5413385 0.530315 0.6003937 0.530315 2 P 0
L 0.5413385 0.5324252 0.5413385 0.5639213 2 P 0
L 0.5413385 0.5326772 0.6003937 0.5326772 2 P 0
L 0.5413385 0.5641732 0.6003937 0.5641732 2 P 0
L 0.5413385 1.2523622 0.6003937 1.2523622 2 P 0
L 0.5413385 1.2526141 0.5413385 1.2841102 2 P 0
L 0.5413385 1.2838582 0.6003937 1.2838582 2 P 0
L 0.5413385 1.2862205 0.6003937 1.2862205 2 P 0
L 0.5413385 1.2864724 0.5413385 1.3179685 2 P 0
L 0.5413385 1.3177165 0.6003937 1.3177165 2 P 0
L 0.5413385 1.3198267 0.5413385 1.3513228 2 P 0
L 0.5413385 1.3200787 0.6003937 1.3200787 2 P 0
L 0.5413385 1.3515747 0.6003937 1.3515747 2 P 0
L 0.5610236 0.0964017 0.5610236 0.1278978 2 P 0
L 0.5610236 0.0966537 0.6200788 0.0966537 2 P 0
L 0.5610236 0.1281497 0.6200788 0.1281497 2 P 0
L 0.5610236 0.1464017 0.5610236 0.1778978 2 P 0
L 0.5610236 0.1466537 0.6200788 0.1466537 2 P 0
L 0.5610236 0.1781497 0.6200788 0.1781497 2 P 0
L 0.5610236 0.1964017 0.5610236 0.2278978 2 P 0
L 0.5610236 0.1966537 0.6200788 0.1966537 2 P 0
L 0.5610236 0.2281497 0.6200788 0.2281497 2 P 0
L 0.5610236 0.2464017 0.5610236 0.2778978 2 P 0
L 0.5610236 0.2466537 0.6200788 0.2466537 2 P 0
L 0.5610236 0.2781497 0.6200788 0.2781497 2 P 0
L 0.5610236 0.2964017 0.5610236 0.3278978 2 P 0
L 0.5610236 0.2966537 0.6200788 0.2966537 2 P 0
L 0.5610236 0.3281497 0.6200788 0.3281497 2 P 0
L 0.5610236 0.3464017 0.5610236 0.3778978 2 P 0
L 0.5610236 0.3466537 0.6200788 0.3466537 2 P 0
L 0.5610236 0.3781497 0.6200788 0.3781497 2 P 0
L 0.5610236 0.3964017 0.5610236 0.4278978 2 P 0
L 0.5610236 0.3966537 0.6200788 0.3966537 2 P 0
L 0.5610236 0.4281497 0.6200788 0.4281497 2 P 0
L 0.5610236 0.4464017 0.5610236 0.4778978 2 P 0
L 0.5610236 0.4466537 0.6200788 0.4466537 2 P 0
L 0.5610236 0.4781497 0.6200788 0.4781497 2 P 0
L 0.5610236 0.4964017 0.5610236 0.5278978 2 P 0
L 0.5610236 0.4966537 0.6200788 0.4966537 2 P 0
L 0.5610236 0.5281497 0.6200788 0.5281497 2 P 0
L 0.5610236 0.5464017 0.5610236 0.5778978 2 P 0
L 0.5610236 0.5466537 0.6200788 0.5466537 2 P 0
L 0.5610236 0.5781497 0.6200788 0.5781497 2 P 0
L 0.5610236 0.5964017 0.5610236 0.6278978 2 P 0
L 0.5610236 0.5966537 0.6200788 0.5966537 2 P 0
L 0.5610236 0.6281497 0.6200788 0.6281497 2 P 0
L 0.5610236 0.6464017 0.5610236 0.6778978 2 P 0
L 0.5610236 0.6466537 0.6200788 0.6466537 2 P 0
L 0.5610236 0.6781497 0.6200788 0.6781497 2 P 0
L 0.5610236 0.6964017 0.5610236 0.7278978 2 P 0
L 0.5610236 0.6966537 0.6200788 0.6966537 2 P 0
L 0.5610236 0.7281497 0.6200788 0.7281497 2 P 0
L 0.5610236 0.7464017 0.5610236 0.7778978 2 P 0
L 0.5610236 0.7466537 0.6200788 0.7466537 2 P 0
L 0.5610236 0.7781497 0.6200788 0.7781497 2 P 0
L 0.5610236 0.7964017 0.5610236 0.8278978 2 P 0
L 0.5610236 0.7966537 0.6200788 0.7966537 2 P 0
L 0.5610236 0.8281497 0.6200788 0.8281497 2 P 0
L 0.5610236 0.8464017 0.5610236 0.8778978 2 P 0
L 0.5610236 0.8466537 0.6200788 0.8466537 2 P 0
L 0.5610236 0.8781497 0.6200788 0.8781497 2 P 0
L 0.5610236 0.8964017 0.5610236 0.9278978 2 P 0
L 0.5610236 0.8966537 0.6200788 0.8966537 2 P 0
L 0.5610236 0.9281497 0.6200788 0.9281497 2 P 0
L 0.5610236 0.9464017 0.5610236 0.9778978 2 P 0
L 0.5610236 0.9466537 0.6200788 0.9466537 2 P 0
L 0.5610236 0.9781497 0.6200788 0.9781497 2 P 0
L 0.5610236 0.9964017 0.5610236 1.0278978 2 P 0
L 0.5610236 0.9966537 0.6200788 0.9966537 2 P 0
L 0.5610236 1.0281497 0.6200788 1.0281497 2 P 0
L 0.5610236 1.0464016 0.5610236 1.0778977 2 P 0
L 0.5610236 1.0466536 0.6200788 1.0466536 2 P 0
L 0.5610236 1.0781496 0.6200788 1.0781496 2 P 0
L 0.5610236 1.0964015 0.5610236 1.1278976 2 P 0
L 0.5610236 1.0966535 0.6200788 1.0966535 2 P 0
L 0.5610236 1.1281495 0.6200788 1.1281495 2 P 0
L 0.5610236 1.1464014 0.5610236 1.1778975 2 P 0
L 0.5610236 1.1466534 0.6200788 1.1466534 2 P 0
L 0.5610236 1.1781494 0.6200788 1.1781494 2 P 0
L 0.5610236 1.1964013 0.5610236 1.2278974 2 P 0
L 0.5610236 1.1966533 0.6200788 1.1966533 2 P 0
L 0.5610236 1.2281493 0.6200788 1.2281493 2 P 0
L 0.5610236 1.2464012 0.5610236 1.2778973 2 P 0
L 0.5610236 1.2466532 0.6200788 1.2466532 2 P 0
L 0.5610236 1.2781492 0.6200788 1.2781492 2 P 0
L 0.5610236 1.2964011 0.5610236 1.3278972 2 P 0
L 0.5610236 1.2966531 0.6200788 1.2966531 2 P 0
L 0.5610236 1.3281491 0.6200788 1.3281491 2 P 0
L 0.5610236 1.346401 0.5610236 1.3778971 2 P 0
L 0.5610236 1.346653 0.6200788 1.346653 2 P 0
L 0.5610236 1.378149 0.6200788 1.378149 2 P 0
L 0.5610236 1.4464017 0.5610236 1.4778978 2 P 0
L 0.5610236 1.4466537 0.6200788 1.4466537 2 P 0
L 0.5610236 1.4781497 0.6200788 1.4781497 2 P 0
L 0.5610236 1.4964017 0.5610236 1.5278978 2 P 0
L 0.5610236 1.4966537 0.6200788 1.4966537 2 P 0
L 0.5610236 1.5281497 0.6200788 1.5281497 2 P 0
L 0.6003937 0.2229764 0.6003937 0.2544725 2 P 0
L 0.6003937 0.2568346 0.6003937 0.2883307 2 P 0
L 0.6003937 0.4652126 0.6003937 0.4967087 2 P 0
L 0.6003937 0.4990709 0.6003937 0.530567 2 P 0
L 0.6003937 0.5324252 0.6003937 0.5639213 2 P 0
L 0.6003937 1.2526141 0.6003937 1.2841102 2 P 0
L 0.6003937 1.2864724 0.6003937 1.3179685 2 P 0
L 0.6003937 1.3198267 0.6003937 1.3513228 2 P 0
L 0.6051811 0.3327008 0.6051811 0.4547008 0 P 0
L 0.6051811 1.1201024 0.6051811 1.2421024 0 P 0
L 0.6151811 0.7274016 0.6151811 0.8474016 0 P 0
L 0.6200788 0.0964017 0.6200788 0.1278978 2 P 0
L 0.6200788 0.1464017 0.6200788 0.1778978 2 P 0
L 0.6200788 0.1964017 0.6200788 0.2278978 2 P 0
L 0.6200788 0.2464017 0.6200788 0.2778978 2 P 0
L 0.6200788 0.2964017 0.6200788 0.3278978 2 P 0
L 0.6200788 0.3464017 0.6200788 0.3778978 2 P 0
L 0.6200788 0.3964017 0.6200788 0.4278978 2 P 0
L 0.6200788 0.4464017 0.6200788 0.4778978 2 P 0
L 0.6200788 0.4964017 0.6200788 0.5278978 2 P 0
L 0.6200788 0.5464017 0.6200788 0.5778978 2 P 0
L 0.6200788 0.5964017 0.6200788 0.6278978 2 P 0
L 0.6200788 0.6464017 0.6200788 0.6778978 2 P 0
L 0.6200788 0.6964017 0.6200788 0.7278978 2 P 0
L 0.6200788 0.7464017 0.6200788 0.7778978 2 P 0
L 0.6200788 0.7964017 0.6200788 0.8278978 2 P 0
L 0.6200788 0.8464017 0.6200788 0.8778978 2 P 0
L 0.6200788 0.8964017 0.6200788 0.9278978 2 P 0
L 0.6200788 0.9464017 0.6200788 0.9778978 2 P 0
L 0.6200788 0.9964017 0.6200788 1.0278978 2 P 0
L 0.6200788 1.0464016 0.6200788 1.0778977 2 P 0
L 0.6200788 1.0964015 0.6200788 1.1278976 2 P 0
L 0.6200788 1.1464014 0.6200788 1.1778975 2 P 0
L 0.6200788 1.1964013 0.6200788 1.2278974 2 P 0
L 0.6200788 1.2464012 0.6200788 1.2778973 2 P 0
L 0.6200788 1.2964011 0.6200788 1.3278972 2 P 0
L 0.6200788 1.346401 0.6200788 1.3778971 2 P 0
L 0.6200788 1.4464017 0.6200788 1.4778978 2 P 0
L 0.6200788 1.4964017 0.6200788 1.5278978 2 P 0
L 0.6397637 0.7716536 0.6988189 0.7716536 2 P 0
L 0.6397637 0.7719055 0.6397637 0.8034016 2 P 0
L 0.6397637 0.8031496 0.6988189 0.8031496 2 P 0
L 0.6397637 0.8107717 0.6397637 0.8422678 2 P 0
L 0.6397637 0.8110237 0.6988189 0.8110237 2 P 0
L 0.6397637 0.8425197 0.6988189 0.8425197 2 P 0
L 0.6988189 0.7719055 0.6988189 0.8034016 2 P 0
L 0.6988189 0.8107717 0.6988189 0.8422678 2 P 0
L 0.7716536 0.2826771 0.7716536 0.3417323 2 P 0
L 0.7719055 0.2826771 0.8034016 0.2826771 2 P 0
L 0.7719055 0.3417323 0.8034016 0.3417323 2 P 0
L 0.8031496 0.2826771 0.8031496 0.3417323 2 P 0
L 0.8427323 0.9190472 0.8427323 1.4910472 0 P 0
L 0.8427323 0.9190472 1.4407323 0.9190472 0 P 0
L 0.8427323 1.4910472 1.4407323 1.4910472 0 P 0
L 0.8966141 0.4064409 0.8966141 0.5394409 0 P 0
L 0.8966141 0.4064409 0.9766141 0.4064409 0 P 0
L 0.8966141 0.5394409 0.9766141 0.5394409 0 P 0
L 0.9094489 0.6960629 0.9094489 0.7551181 2 P 0
L 0.9097008 0.6960629 0.9411969 0.6960629 2 P 0
L 0.9097008 0.7551181 0.9411969 0.7551181 2 P 0
L 0.9153543 0.7716536 0.9744095 0.7716536 2 P 0
L 0.9153543 0.7719055 0.9153543 0.8034016 2 P 0
L 0.9153543 0.8031496 0.9744095 0.8031496 2 P 0
L 0.9153543 0.8110237 0.9744095 0.8110237 2 P 0
L 0.9153543 0.8112756 0.9153543 0.8427717 2 P 0
L 0.9153543 0.8425197 0.9744095 0.8425197 2 P 0
L 0.9153543 0.9288819 0.9153543 0.960378 2 P 0
L 0.9153543 0.9291339 0.9744095 0.9291339 2 P 0
L 0.9153543 0.9606299 0.9744095 0.9606299 2 P 0
L 0.9153543 0.968504 0.9744095 0.968504 2 P 0
L 0.9153543 0.9687559 0.9153543 1.000252 2 P 0
L 0.9153543 1 0.9744095 1 2 P 0
L 0.9153543 1.0866142 0.9744095 1.0866142 2 P 0
L 0.9153543 1.0868661 0.9153543 1.1183622 2 P 0
L 0.9153543 1.1181102 0.9744095 1.1181102 2 P 0
L 0.9153543 1.1257323 0.9153543 1.1572284 2 P 0
L 0.9153543 1.1259843 0.9744095 1.1259843 2 P 0
L 0.9153543 1.1574803 0.9744095 1.1574803 2 P 0
L 0.9153543 1.1651024 0.9153543 1.1965985 2 P 0
L 0.9153543 1.1653544 0.9744095 1.1653544 2 P 0
L 0.9153543 1.1968504 0.9744095 1.1968504 2 P 0
L 0.9153543 1.2832126 0.9153543 1.3147087 2 P 0
L 0.9153543 1.2834646 0.9744095 1.2834646 2 P 0
L 0.9153543 1.3149606 0.9744095 1.3149606 2 P 0
L 0.9153543 1.3228347 0.9744095 1.3228347 2 P 0
L 0.9153543 1.3230866 0.9153543 1.3545827 2 P 0
L 0.9153543 1.3543307 0.9744095 1.3543307 2 P 0
L 0.9198819 0.8568268 0.9198819 0.9148268 0 P 0
L 0.9198819 0.8568268 0.9698819 0.8568268 0 P 0
L 0.9198819 0.9148268 0.9698819 0.9148268 0 P 0
L 0.9198819 1.2111575 0.9198819 1.2691575 0 P 0
L 0.9198819 1.2111575 0.9698819 1.2111575 0 P 0
L 0.9198819 1.2691575 0.9698819 1.2691575 0 P 0
L 0.9409449 0.6960629 0.9409449 0.7551181 2 P 0
L 0.9485669 0.6960629 0.980063 0.6960629 2 P 0
L 0.9485669 0.7551181 0.980063 0.7551181 2 P 0
L 0.9488189 0.6960629 0.9488189 0.7551181 2 P 0
L 0.9547244 0.3188977 1.0137796 0.3188977 2 P 0
L 0.9547244 0.3191496 0.9547244 0.3506457 2 P 0
L 0.9547244 0.3503937 1.0137796 0.3503937 2 P 0
L 0.9547244 0.3582677 1.0137796 0.3582677 2 P 0
L 0.9547244 0.3585196 0.9547244 0.3900157 2 P 0
L 0.9547244 0.3897637 1.0137796 0.3897637 2 P 0
L 0.9547244 0.5548661 0.9547244 0.5863622 2 P 0
L 0.9547244 0.5551181 1.0137796 0.5551181 2 P 0
L 0.9547244 0.5866141 1.0137796 0.5866141 2 P 0
L 0.9698819 0.8568268 0.9698819 0.9148268 0 P 0
L 0.9698819 1.2111575 0.9698819 1.2691575 0 P 0
L 0.9744095 0.7719055 0.9744095 0.8034016 2 P 0
L 0.9744095 0.8112756 0.9744095 0.8427717 2 P 0
L 0.9744095 0.9288819 0.9744095 0.960378 2 P 0
L 0.9744095 0.9687559 0.9744095 1.000252 2 P 0
L 0.9744095 1.0868661 0.9744095 1.1183622 2 P 0
L 0.9744095 1.1257323 0.9744095 1.1572284 2 P 0
L 0.9744095 1.1651024 0.9744095 1.1965985 2 P 0
L 0.9744095 1.2832126 0.9744095 1.3147087 2 P 0
L 0.9744095 1.3230866 0.9744095 1.3545827 2 P 0
L 0.9766141 0.4064409 0.9766141 0.5394409 0 P 0
L 0.9803149 0.6960629 0.9803149 0.7551181 2 P 0
L 0.988189 0.6960629 0.988189 0.7551181 2 P 0
L 0.9884409 0.6960629 1.019937 0.6960629 2 P 0
L 0.9884409 0.7551181 1.019937 0.7551181 2 P 0
L 1.0137796 0.3191496 1.0137796 0.3506457 2 P 0
L 1.0137796 0.3585196 1.0137796 0.3900157 2 P 0
L 1.0137796 0.5548661 1.0137796 0.5863622 2 P 0
L 1.019685 0.6960629 1.019685 0.7551181 2 P 0
L 1.0428582 1.5452755 1.0743543 1.5452755 2 P 0
L 1.0428582 1.6043307 1.0743543 1.6043307 2 P 0
L 1.0431102 1.5452755 1.0431102 1.6043307 2 P 0
L 1.0469921 0.1673228 1.0784882 0.1673228 2 P 0
L 1.0469921 0.226378 1.0784882 0.226378 2 P 0
L 1.0472441 0.1673228 1.0472441 0.226378 2 P 0
L 1.0472441 0.8051181 1.0472441 0.8641733 2 P 0
L 1.047496 0.8051181 1.0789921 0.8051181 2 P 0
L 1.047496 0.8641733 1.0789921 0.8641733 2 P 0
L 1.0728346 0.7716536 1.1318898 0.7716536 2 P 0
L 1.0728346 0.7719055 1.0728346 0.8034016 2 P 0
L 1.0728346 0.8031496 1.1318898 0.8031496 2 P 0
L 1.0728346 0.8110237 1.1318898 0.8110237 2 P 0
L 1.0728346 0.8112756 1.0728346 0.8427717 2 P 0
L 1.0728346 0.8425197 1.1318898 0.8425197 2 P 0
L 1.0728346 0.9288819 1.0728346 0.960378 2 P 0
L 1.0728346 0.9291339 1.1318898 0.9291339 2 P 0
L 1.0728346 0.9606299 1.1318898 0.9606299 2 P 0
L 1.0728346 0.968504 1.1318898 0.968504 2 P 0
L 1.0728346 0.9687559 1.0728346 1.000252 2 P 0
L 1.0728346 1 1.1318898 1 2 P 0
L 1.0728346 1.0866142 1.1318898 1.0866142 2 P 0
L 1.0728346 1.0868661 1.0728346 1.1183622 2 P 0
L 1.0728346 1.1181102 1.1318898 1.1181102 2 P 0
L 1.0728346 1.1257323 1.0728346 1.1572284 2 P 0
L 1.0728346 1.1259843 1.1318898 1.1259843 2 P 0
L 1.0728346 1.1574803 1.1318898 1.1574803 2 P 0
L 1.0728346 1.1651024 1.0728346 1.1965985 2 P 0
L 1.0728346 1.1653544 1.1318898 1.1653544 2 P 0
L 1.0728346 1.1968504 1.1318898 1.1968504 2 P 0
L 1.0728346 1.2832126 1.0728346 1.3147087 2 P 0
L 1.0728346 1.2834646 1.1318898 1.2834646 2 P 0
L 1.0728346 1.3149606 1.1318898 1.3149606 2 P 0
L 1.0728346 1.3228347 1.1318898 1.3228347 2 P 0
L 1.0728346 1.3230866 1.0728346 1.3545827 2 P 0
L 1.0728346 1.3543307 1.1318898 1.3543307 2 P 0
L 1.0746062 1.5452755 1.0746062 1.6043307 2 P 0
L 1.0750315 0.2934409 1.0750315 0.6524409 0 P 0
L 1.0750315 0.2934409 1.4720315 0.2934409 0 P 0
L 1.0750315 0.6524409 1.4720315 0.6524409 0 P 0
L 1.0773622 0.8568268 1.0773622 0.9148268 0 P 0
L 1.0773622 0.8568268 1.1273622 0.8568268 0 P 0
L 1.0773622 0.9148268 1.1273622 0.9148268 0 P 0
L 1.0773622 1.2111575 1.0773622 1.2691575 0 P 0
L 1.0773622 1.2111575 1.1273622 1.2111575 0 P 0
L 1.0773622 1.2691575 1.1273622 1.2691575 0 P 0
L 1.0787401 0.1673228 1.0787401 0.226378 2 P 0
L 1.0787401 0.8051181 1.0787401 0.8641733 2 P 0
L 1.0861653 1.5452755 1.1176614 1.5452755 2 P 0
L 1.0861653 1.6043307 1.1176614 1.6043307 2 P 0
L 1.0864173 1.5452755 1.0864173 1.6043307 2 P 0
L 1.0866142 0.1673228 1.0866142 0.226378 2 P 0
L 1.0868661 0.1673228 1.1183622 0.1673228 2 P 0
L 1.0868661 0.226378 1.1183622 0.226378 2 P 0
L 1.0984724 0.7124016 1.0984724 0.8624016 1 P 0
L 1.0984724 0.7124016 1.3434724 0.7124016 1 P 0
L 1.0984724 0.8624016 1.3434724 0.8624016 1 P 0
L 1.1179133 1.5452755 1.1179133 1.6043307 2 P 0
L 1.1181102 0.1673228 1.1181102 0.226378 2 P 0
L 1.1257323 0.1673228 1.1572284 0.1673228 2 P 0
L 1.1257323 0.226378 1.1572284 0.226378 2 P 0
L 1.1259843 0.1673228 1.1259843 0.226378 2 P 0
L 1.1273622 0.8568268 1.1273622 0.9148268 0 P 0
L 1.1273622 1.2111575 1.1273622 1.2691575 0 P 0
L 1.1297245 1.5452755 1.1297245 1.6043307 2 P 0
L 1.1299764 1.5452755 1.1614725 1.5452755 2 P 0
L 1.1299764 1.6043307 1.1614725 1.6043307 2 P 0
L 1.1318898 0.7719055 1.1318898 0.8034016 2 P 0
L 1.1318898 0.8112756 1.1318898 0.8427717 2 P 0
L 1.1318898 0.9288819 1.1318898 0.960378 2 P 0
L 1.1318898 0.9687559 1.1318898 1.000252 2 P 0
L 1.1318898 1.0868661 1.1318898 1.1183622 2 P 0
L 1.1318898 1.1257323 1.1318898 1.1572284 2 P 0
L 1.1318898 1.1651024 1.1318898 1.1965985 2 P 0
L 1.1318898 1.2832126 1.1318898 1.3147087 2 P 0
L 1.1318898 1.3230866 1.1318898 1.3545827 2 P 0
L 1.1574803 0.1673228 1.1574803 0.226378 2 P 0
L 1.1612205 1.5452755 1.1612205 1.6043307 2 P 0
L 1.1651024 0.1673228 1.1965985 0.1673228 2 P 0
L 1.1651024 0.226378 1.1965985 0.226378 2 P 0
L 1.1653544 0.1673228 1.1653544 0.226378 2 P 0
L 1.1727794 1.5452755 1.2042755 1.5452755 2 P 0
L 1.1727794 1.6043307 1.2042755 1.6043307 2 P 0
L 1.1730314 1.5452755 1.1730314 1.6043307 2 P 0
L 1.1968504 0.1673228 1.1968504 0.226378 2 P 0
L 1.2045274 1.5452755 1.2045274 1.6043307 2 P 0
L 1.2303149 0.7716536 1.2893701 0.7716536 2 P 0
L 1.2303149 0.7719055 1.2303149 0.8034016 2 P 0
L 1.2303149 0.8031496 1.2893701 0.8031496 2 P 0
L 1.2303149 0.8110237 1.2893701 0.8110237 2 P 0
L 1.2303149 0.8112756 1.2303149 0.8427717 2 P 0
L 1.2303149 0.8425197 1.2893701 0.8425197 2 P 0
L 1.2303149 0.9288819 1.2303149 0.960378 2 P 0
L 1.2303149 0.9291339 1.2893701 0.9291339 2 P 0
L 1.2303149 0.9606299 1.2893701 0.9606299 2 P 0
L 1.2303149 0.968504 1.2893701 0.968504 2 P 0
L 1.2303149 0.9687559 1.2303149 1.000252 2 P 0
L 1.2303149 1 1.2893701 1 2 P 0
L 1.2303149 1.1651024 1.2303149 1.1965985 2 P 0
L 1.2303149 1.1653544 1.2893701 1.1653544 2 P 0
L 1.2303149 1.1968504 1.2893701 1.1968504 2 P 0
L 1.2303149 1.2832126 1.2303149 1.3147087 2 P 0
L 1.2303149 1.2834646 1.2893701 1.2834646 2 P 0
L 1.2303149 1.3149606 1.2893701 1.3149606 2 P 0
L 1.2303149 1.3228347 1.2893701 1.3228347 2 P 0
L 1.2303149 1.3230866 1.2303149 1.3545827 2 P 0
L 1.2303149 1.3543307 1.2893701 1.3543307 2 P 0
L 1.2348425 0.8568268 1.2348425 0.9148268 0 P 0
L 1.2348425 0.8568268 1.2848425 0.8568268 0 P 0
L 1.2348425 0.9148268 1.2848425 0.9148268 0 P 0
L 1.2348425 1.2111575 1.2348425 1.2691575 0 P 0
L 1.2348425 1.2111575 1.2848425 1.2111575 0 P 0
L 1.2348425 1.2691575 1.2848425 1.2691575 0 P 0
L 1.2522126 0.1498504 1.2522126 0.2438504 0 P 0
L 1.2522126 0.1498504 1.3462126 0.1498504 0 P 0
L 1.2522126 0.2438504 1.3462126 0.2438504 0 P 0
L 1.2527559 -0.0154961 1.2527559 0.016 2 P 0
L 1.2527559 -0.015748 1.3118111 -0.015748 2 P 0
L 1.2527559 0.015748 1.3118111 0.015748 2 P 0
L 1.2593936 1.5452755 1.2908897 1.5452755 2 P 0
L 1.2593936 1.6043307 1.2908897 1.6043307 2 P 0
L 1.2596456 1.5452755 1.2596456 1.6043307 2 P 0
L 1.2848425 0.8568268 1.2848425 0.9148268 0 P 0
L 1.2848425 1.2111575 1.2848425 1.2691575 0 P 0
L 1.2893701 0.7719055 1.2893701 0.8034016 2 P 0
L 1.2893701 0.8112756 1.2893701 0.8427717 2 P 0
L 1.2893701 0.9288819 1.2893701 0.960378 2 P 0
L 1.2893701 0.9687559 1.2893701 1.000252 2 P 0
L 1.2893701 1.1651024 1.2893701 1.1965985 2 P 0
L 1.2893701 1.2832126 1.2893701 1.3147087 2 P 0
L 1.2893701 1.3230866 1.2893701 1.3545827 2 P 0
L 1.2911416 1.5452755 1.2911416 1.6043307 2 P 0
L 1.3118111 -0.0154961 1.3118111 0.016 2 P 0
L 1.3225827 0.777559 1.3540788 0.777559 2 P 0
L 1.3225827 0.8366142 1.3540788 0.8366142 2 P 0
L 1.3228347 0.777559 1.3228347 0.8366142 2 P 0
L 1.3434724 0.7124016 1.3434724 0.8624016 1 P 0
L 1.3462126 0.1498504 1.3462126 0.2438504 0 P 0
L 1.3543307 0.777559 1.3543307 0.8366142 2 P 0
L 1.3622048 0.7106299 1.3622048 0.7696851 2 P 0
L 1.3624567 0.7106299 1.3939528 0.7106299 2 P 0
L 1.3624567 0.7696851 1.3939528 0.7696851 2 P 0
L 1.3683228 0.7740866 1.3683228 0.8400866 0 P 0
L 1.3683228 0.7740866 1.4663228 0.7740866 0 P 0
L 1.3683228 0.8400866 1.4663228 0.8400866 0 P 0
L 1.3683228 0.9118819 1.3683228 0.9778819 0 P 0
L 1.3683228 0.9118819 1.4663228 0.9118819 0 P 0
L 1.3683228 0.9778819 1.4663228 0.9778819 0 P 0
L 1.3877952 0.1614174 1.4468504 0.1614174 2 P 0
L 1.3877952 0.1616693 1.3877952 0.1931654 2 P 0
L 1.3877952 0.1929134 1.4468504 0.1929134 2 P 0
L 1.3877952 0.2007874 1.4468504 0.2007874 2 P 0
L 1.3877952 0.2010393 1.3877952 0.2325354 2 P 0
L 1.3877952 0.2322834 1.4468504 0.2322834 2 P 0
L 1.3877952 1.0863622 1.3877952 1.1178583 2 P 0
L 1.3877952 1.0866142 1.4468504 1.0866142 2 P 0
L 1.3877952 1.1181102 1.4468504 1.1181102 2 P 0
L 1.3877952 1.1257323 1.3877952 1.1572284 2 P 0
L 1.3877952 1.1259843 1.4468504 1.1259843 2 P 0
L 1.3877952 1.1574803 1.4468504 1.1574803 2 P 0
L 1.3877952 1.1651024 1.3877952 1.1965985 2 P 0
L 1.3877952 1.1653544 1.4468504 1.1653544 2 P 0
L 1.3877952 1.1968504 1.4468504 1.1968504 2 P 0
L 1.3877952 1.2834646 1.4468504 1.2834646 2 P 0
L 1.3877952 1.2837165 1.3877952 1.3152126 2 P 0
L 1.3877952 1.3149606 1.4468504 1.3149606 2 P 0
L 1.3923228 1.2111575 1.3923228 1.2691575 0 P 0
L 1.3923228 1.2111575 1.4423228 1.2111575 0 P 0
L 1.3923228 1.2691575 1.4423228 1.2691575 0 P 0
L 1.3937008 0.7106299 1.3937008 0.7696851 2 P 0
L 1.4407323 0.9190472 1.4407323 1.4910472 0 P 0
L 1.4423228 1.2111575 1.4423228 1.2691575 0 P 0
L 1.4468504 0.1616693 1.4468504 0.1931654 2 P 0
L 1.4468504 0.2010393 1.4468504 0.2325354 2 P 0
L 1.4468504 1.0863622 1.4468504 1.1178583 2 P 0
L 1.4468504 1.1257323 1.4468504 1.1572284 2 P 0
L 1.4468504 1.1651024 1.4468504 1.1965985 2 P 0
L 1.4468504 1.2837165 1.4468504 1.3152126 2 P 0
L 1.4663228 0.7740866 1.4663228 0.8400866 0 P 0
L 1.4663228 0.9118819 1.4663228 0.9778819 0 P 0
L 1.4720315 0.2934409 1.4720315 0.6524409 0 P 0
L 1.480063 0.3049213 1.5115591 0.3049213 2 P 0
L 1.480063 0.3639765 1.5115591 0.3639765 2 P 0
L 1.480315 0.3049213 1.480315 0.3639765 2 P 0
L 1.480315 0.3811023 1.480315 0.4401575 2 P 0
L 1.4805669 0.3811023 1.512063 0.3811023 2 P 0
L 1.4805669 0.4401575 1.512063 0.4401575 2 P 0
L 1.4889765 1.0578189 1.4889765 1.089315 2 P 0
L 1.4889765 1.0580709 1.5480317 1.0580709 2 P 0
L 1.4889765 1.0895669 1.5480317 1.0895669 2 P 0
L 1.4889765 1.097189 1.4889765 1.1286851 2 P 0
L 1.4889765 1.097441 1.5480317 1.097441 2 P 0
L 1.4889765 1.128937 1.5480317 1.128937 2 P 0
L 1.4889765 1.136811 1.5480317 1.136811 2 P 0
L 1.4889765 1.1370629 1.4889765 1.168559 2 P 0
L 1.4889765 1.168307 1.5480317 1.168307 2 P 0
L 1.4889765 1.2082126 1.4889765 1.2397087 2 P 0
L 1.4889765 1.2084646 1.5480317 1.2084646 2 P 0
L 1.4889765 1.2399606 1.5480317 1.2399606 2 P 0
L 1.4889765 1.2582126 1.4889765 1.2897087 2 P 0
L 1.4889765 1.2584646 1.5480317 1.2584646 2 P 0
L 1.4889765 1.2899606 1.5480317 1.2899606 2 P 0
L 1.4889765 1.3584646 1.5480317 1.3584646 2 P 0
L 1.4889765 1.3587165 1.4889765 1.3902126 2 P 0
L 1.4889765 1.3899606 1.5480317 1.3899606 2 P 0
L 1.511811 0.3049213 1.511811 0.3639765 2 P 0
L 1.511811 0.3811023 1.511811 0.4401575 2 P 0
L 1.5194331 0.1001969 1.5509292 0.1001969 2 P 0
L 1.5194331 0.1592521 1.5509292 0.1592521 2 P 0
L 1.5194332 0.7120079 1.5509293 0.7120079 2 P 0
L 1.5194332 0.7710631 1.5509293 0.7710631 2 P 0
L 1.5196851 0.1001969 1.5196851 0.1592521 2 P 0
L 1.5196851 0.3049213 1.5196851 0.3639765 2 P 0
L 1.5196851 0.5549212 1.5196851 0.6139764 2 P 0
L 1.5196851 0.6462597 1.5196851 0.7053149 2 P 0
L 1.5196852 0.7120079 1.5196852 0.7710631 2 P 0
L 1.5196852 0.7972441 1.5196852 0.8562993 2 P 0
L 1.5196852 1.5415355 1.5196852 1.6005907 2 P 0
L 1.519937 0.3049213 1.5514331 0.3049213 2 P 0
L 1.519937 0.3639765 1.5514331 0.3639765 2 P 0
L 1.519937 0.5549212 1.5514331 0.5549212 2 P 0
L 1.519937 0.6139764 1.5514331 0.6139764 2 P 0
L 1.519937 0.6462597 1.5514331 0.6462597 2 P 0
L 1.519937 0.7053149 1.5514331 0.7053149 2 P 0
L 1.5199371 0.7972441 1.5514332 0.7972441 2 P 0
L 1.5199371 0.8562993 1.5514332 0.8562993 2 P 0
L 1.5199371 1.5415355 1.5514332 1.5415355 2 P 0
L 1.5199371 1.6005907 1.5514332 1.6005907 2 P 0
L 1.5480317 1.0578189 1.5480317 1.089315 2 P 0
L 1.5480317 1.097189 1.5480317 1.1286851 2 P 0
L 1.5480317 1.1370629 1.5480317 1.168559 2 P 0
L 1.5480317 1.2082126 1.5480317 1.2397087 2 P 0
L 1.5480317 1.2582126 1.5480317 1.2897087 2 P 0
L 1.5480317 1.3587165 1.5480317 1.3902126 2 P 0
L 1.5511811 0.1001969 1.5511811 0.1592521 2 P 0
L 1.5511811 0.3049213 1.5511811 0.3639765 2 P 0
L 1.5511811 0.5549212 1.5511811 0.6139764 2 P 0
L 1.5511811 0.6462597 1.5511811 0.7053149 2 P 0
L 1.5511812 0.7120079 1.5511812 0.7710631 2 P 0
L 1.5511812 0.7972441 1.5511812 0.8562993 2 P 0
L 1.5511812 1.5415355 1.5511812 1.6005907 2 P 0
L 1.5539134 1.1962126 1.5539134 1.4022126 0 P 0
L 1.5539134 1.1962126 1.8319134 1.1962126 0 P 0
L 1.5539134 1.4022126 1.8319134 1.4022126 0 P 0
L 1.5561418 0.6446614 1.5561418 0.7726614 0 P 0
L 1.5561418 0.6446614 1.6761418 0.6446614 0 P 0
L 1.5561418 0.7726614 1.6761418 0.7726614 0 P 0
L 1.5579134 0.1032205 1.5579134 0.3702205 0 P 0
L 1.5579134 0.1032205 1.8269134 0.1032205 0 P 0
L 1.5579134 0.3702205 1.8269134 0.3702205 0 P 0
L 1.5589134 0.412811 1.5589134 0.610811 0 P 0
L 1.5589134 0.412811 1.8279134 0.412811 0 P 0
L 1.5589134 0.610811 1.8279134 0.610811 0 P 0
L 1.5589134 0.9639921 1.5589134 1.1619921 0 P 0
L 1.5589134 0.9639921 1.8279134 0.9639921 0 P 0
L 1.5589134 1.1619921 1.8279134 1.1619921 0 P 0
L 1.5629922 0.7972441 1.5629922 0.8562993 2 P 0
L 1.5632441 0.7972441 1.5947402 0.7972441 2 P 0
L 1.5632441 0.8562993 1.5947402 0.8562993 2 P 0
L 1.582 1.501 1.582 1.599 0 P 0
L 1.582 1.501 1.648 1.501 0 P 0
L 1.582 1.599 1.648 1.599 0 P 0
L 1.5944882 0.7972441 1.5944882 0.8562993 2 P 0
L 1.6003938 0.7972441 1.6003938 0.8562993 2 P 0
L 1.6006457 0.7972441 1.6321418 0.7972441 2 P 0
L 1.6006457 0.8562993 1.6321418 0.8562993 2 P 0
L 1.6318898 0.7972441 1.6318898 0.8562993 2 P 0
L 1.6375434 0.7972441 1.6690395 0.7972441 2 P 0
L 1.6375434 0.8562993 1.6690395 0.8562993 2 P 0
L 1.6377954 0.7972441 1.6377954 0.8562993 2 P 0
L 1.648 1.501 1.648 1.599 0 P 0
L 1.6692914 0.7972441 1.6692914 0.8562993 2 P 0
L 1.6761418 0.6446614 1.6761418 0.7726614 0 P 0
L 1.6771654 0.6462597 1.6771654 0.7053149 2 P 0
L 1.6774173 0.6462597 1.7089134 0.6462597 2 P 0
L 1.6774173 0.7053149 1.7089134 0.7053149 2 P 0
L 1.6796063 0.7872442 1.6796063 0.9072442 0 P 0
L 1.6796063 0.7872442 1.8196063 0.7872442 0 P 0
L 1.6796063 0.9072442 1.8196063 0.9072442 0 P 0
L 1.7086614 0.6462597 1.7086614 0.7053149 2 P 0
L 1.709685 0.6446614 1.709685 0.7726614 0 P 0
L 1.709685 0.6446614 1.829685 0.6446614 0 P 0
L 1.709685 0.7726614 1.829685 0.7726614 0 P 0
L 1.7165355 0.4848424 1.7165355 0.5438976 2 P 0
L 1.7165355 1.1226373 1.7165355 1.1816925 2 P 0
L 1.7167874 0.4848424 1.7482835 0.4848424 2 P 0
L 1.7167874 0.5438976 1.7482835 0.5438976 2 P 0
L 1.7167874 1.1226373 1.7482835 1.1226373 2 P 0
L 1.7167874 1.1816925 1.7482835 1.1816925 2 P 0
L 1.7480315 0.4848424 1.7480315 0.5438976 2 P 0
L 1.7480315 1.1226373 1.7480315 1.1816925 2 P 0
L 1.7519685 0.0295275 1.7519685 0.2066929 1 P 0
L 1.7519685 0.0295275 1.9488189 0.0295275 1 P 0
L 1.7519685 0.2066929 1.9488189 0.2066929 1 P 0
L 1.7678346 0.2967717 1.7678346 1.4067717 0 P 0
L 1.7678346 0.2967717 2.8778346 0.2967717 0 P 0
L 1.7678346 1.4067717 2.8778346 1.4067717 0 P 0
L 1.7700787 1.4964017 1.7700787 1.5278978 2 P 0
L 1.7700787 1.4966537 1.8291339 1.4966537 2 P 0
L 1.7700787 1.5281497 1.8291339 1.5281497 2 P 0
L 1.7700787 1.5360669 1.7700787 1.567563 2 P 0
L 1.7700787 1.5363189 1.8291339 1.5363189 2 P 0
L 1.7700787 1.5678149 1.8291339 1.5678149 2 P 0
L 1.7700787 1.5757321 1.7700787 1.6072282 2 P 0
L 1.7700787 1.5759841 1.8291339 1.5759841 2 P 0
L 1.7700787 1.6074801 1.8291339 1.6074801 2 P 0
L 1.7851811 0.2185039 1.8166772 0.2185039 2 P 0
L 1.7851811 0.2775591 1.8166772 0.2775591 2 P 0
L 1.7854331 0.2185039 1.7854331 0.2775591 2 P 0
L 1.8051181 -0.0492126 1.8051181 0.0098426 2 P 0
L 1.80537 0.0098426 1.8368661 0.0098426 2 P 0
L 1.80537 -0.0492126 1.8368661 -0.0492126 2 P 0
L 1.8169291 0.2185039 1.8169291 0.2775591 2 P 0
L 1.8196063 0.7872442 1.8196063 0.9072442 0 P 0
L 1.8245512 0.2185039 1.8560473 0.2185039 2 P 0
L 1.8245512 0.2775591 1.8560473 0.2775591 2 P 0
L 1.8248032 0.2185039 1.8248032 0.2775591 2 P 0
L 1.8269134 0.1032205 1.8269134 0.3702205 0 P 0
L 1.8279134 0.412811 1.8279134 0.610811 0 P 0
L 1.8279134 0.9639921 1.8279134 1.1619921 0 P 0
L 1.8291339 1.4964017 1.8291339 1.5278978 2 P 0
L 1.8291339 1.5360669 1.8291339 1.567563 2 P 0
L 1.8291339 1.5757321 1.8291339 1.6072282 2 P 0
L 1.829685 0.6446614 1.829685 0.7726614 0 P 0
L 1.8319134 1.1962126 1.8319134 1.4022126 0 P 0
L 1.8343937 0.1001969 1.8658898 0.1001969 2 P 0
L 1.8343937 0.1592521 1.8658898 0.1592521 2 P 0
L 1.8343937 0.5549212 1.8658898 0.5549212 2 P 0
L 1.8343937 0.6139764 1.8658898 0.6139764 2 P 0
L 1.8343937 0.6462597 1.8658898 0.6462597 2 P 0
L 1.8343937 0.7053149 1.8658898 0.7053149 2 P 0
L 1.8346456 0.1956692 1.8346456 0.2547244 2 P 0
L 1.8346456 0.7120079 1.8346456 0.7710631 2 P 0
L 1.8346457 0.1001969 1.8346457 0.1592521 2 P 0
L 1.8346457 0.5549212 1.8346457 0.6139764 2 P 0
L 1.8346457 0.6462597 1.8346457 0.7053149 2 P 0
L 1.8348975 0.1956692 1.8663936 0.1956692 2 P 0
L 1.8348975 0.2547244 1.8663936 0.2547244 2 P 0
L 1.8348975 0.7120079 1.8663936 0.7120079 2 P 0
L 1.8348975 0.7710631 1.8663936 0.7710631 2 P 0
L 1.8366141 -0.0492126 1.8366141 0.0098426 2 P 0
L 1.8377951 0.7940946 1.8968503 0.7940946 2 P 0
L 1.8377951 0.7943465 1.8377951 0.8258426 2 P 0
L 1.8377951 0.8255906 1.8968503 0.8255906 2 P 0
L 1.8377951 0.8688978 1.8968503 0.8688978 2 P 0
L 1.8377951 0.8691497 1.8377951 0.9006458 2 P 0
L 1.8377951 0.9003938 1.8968503 0.9003938 2 P 0
L 1.8562992 0.2185039 1.8562992 0.2775591 2 P 0
L 1.8661416 0.1956692 1.8661416 0.2547244 2 P 0
L 1.8661416 0.7120079 1.8661416 0.7710631 2 P 0
L 1.8661417 0.1001969 1.8661417 0.1592521 2 P 0
L 1.8661417 0.5549212 1.8661417 0.6139764 2 P 0
L 1.8661417 0.6462597 1.8661417 0.7053149 2 P 0
L 1.8737638 0.1956692 1.9052599 0.1956692 2 P 0
L 1.8737638 0.2547244 1.9052599 0.2547244 2 P 0
L 1.8737638 0.5549212 1.9052599 0.5549212 2 P 0
L 1.8737638 0.6139764 1.9052599 0.6139764 2 P 0
L 1.8740158 0.1956692 1.8740158 0.2547244 2 P 0
L 1.8740158 0.5549212 1.8740158 0.6139764 2 P 0
L 1.8968503 0.7943465 1.8968503 0.8258426 2 P 0
L 1.8968503 0.8691497 1.8968503 0.9006458 2 P 0
L 1.9055118 0.1956692 1.9055118 0.2547244 2 P 0
L 1.9055118 0.5549212 1.9055118 0.6139764 2 P 0
L 1.9192913 1.2084645 1.9783465 1.2084645 2 P 0
L 1.9192913 1.2087164 1.9192913 1.2402125 2 P 0
L 1.9192913 1.2399605 1.9783465 1.2399605 2 P 0
L 1.9192913 1.2582126 1.9192913 1.2897087 2 P 0
L 1.9192913 1.2584646 1.9783465 1.2584646 2 P 0
L 1.9192913 1.2899606 1.9783465 1.2899606 2 P 0
L 1.9192913 1.3582127 1.9192913 1.3897088 2 P 0
L 1.9192913 1.3584647 1.9783465 1.3584647 2 P 0
L 1.9192913 1.3899607 1.9783465 1.3899607 2 P 0
L 1.9192914 0.019685 1.9192914 0.4330708 0 P 0
L 1.9192914 0.019685 2.3326772 0.019685 0 P 0
L 1.9192914 0.4330708 2.3326772 0.4330708 0 P 0
L 1.9197079 1.424937 1.9197079 1.612937 0 P 0
L 1.9197079 1.424937 2.0767079 1.424937 0 P 0
L 1.9197079 1.612937 2.0767079 1.612937 0 P 0
L 1.9220472 0.7547244 1.9811024 0.7547244 2 P 0
L 1.9220472 0.7549763 1.9220472 0.7864724 2 P 0
L 1.9220472 0.7862204 1.9811024 0.7862204 2 P 0
L 1.9220472 0.7940945 1.9811024 0.7940945 2 P 0
L 1.9220472 0.7943464 1.9220472 0.8258425 2 P 0
L 1.9220472 0.8255905 1.9811024 0.8255905 2 P 0
L 1.9220472 0.9722441 1.9811024 0.9722441 2 P 0
L 1.9220472 0.972496 1.9220472 1.0039921 2 P 0
L 1.9220472 1.0037401 1.9811024 1.0037401 2 P 0
L 1.9220472 1.0222441 1.9811024 1.0222441 2 P 0
L 1.9220472 1.022496 1.9220472 1.0539921 2 P 0
L 1.9220472 1.0537401 1.9811024 1.0537401 2 P 0
L 1.9220472 1.0722441 1.9811024 1.0722441 2 P 0
L 1.9220472 1.072496 1.9220472 1.1039921 2 P 0
L 1.9220472 1.1037401 1.9811024 1.1037401 2 P 0
L 1.9220472 1.1222441 1.9811024 1.1222441 2 P 0
L 1.9220472 1.122496 1.9220472 1.1539921 2 P 0
L 1.9220472 1.1537401 1.9811024 1.1537401 2 P 0
L 1.9228346 0.8688978 1.9818898 0.8688978 2 P 0
L 1.9228346 0.8691497 1.9228346 0.9006458 2 P 0
L 1.9228346 0.9003938 1.9818898 0.9003938 2 P 0
L 1.9238189 1.2952126 1.9238189 1.3532126 0 P 0
L 1.9238189 1.2952126 1.9738189 1.2952126 0 P 0
L 1.9238189 1.3532126 1.9738189 1.3532126 0 P 0
L 1.9488189 0.0295275 1.9488189 0.2066929 1 P 0
L 1.9525039 0.6082677 1.984 0.6082677 2 P 0
L 1.9525039 0.6673229 1.984 0.6673229 2 P 0
L 1.9527559 0.6082677 1.9527559 0.6673229 2 P 0
L 1.9738189 1.2952126 1.9738189 1.3532126 0 P 0
L 1.9783464 0.0531496 2.0374016 0.0531496 2 P 0
L 1.9783464 0.0534015 1.9783464 0.0848976 2 P 0
L 1.9783464 0.0846456 2.0374016 0.0846456 2 P 0
L 1.9783464 0.0925197 2.0374016 0.0925197 2 P 0
L 1.9783464 0.0927716 1.9783464 0.1242677 2 P 0
L 1.9783464 0.1240157 2.0374016 0.1240157 2 P 0
L 1.9783464 0.1318898 2.0374016 0.1318898 2 P 0
L 1.9783464 0.1321417 1.9783464 0.1636378 2 P 0
L 1.9783464 0.1633858 2.0374016 0.1633858 2 P 0
L 1.9783464 0.1710079 1.9783464 0.202504 2 P 0
L 1.9783464 0.1712599 2.0374016 0.1712599 2 P 0
L 1.9783464 0.2027559 2.0374016 0.2027559 2 P 0
L 1.9783465 1.2087164 1.9783465 1.2402125 2 P 0
L 1.9783465 1.2582126 1.9783465 1.2897087 2 P 0
L 1.9783465 1.3582127 1.9783465 1.3897088 2 P 0
L 1.9811024 0.7549763 1.9811024 0.7864724 2 P 0
L 1.9811024 0.7943464 1.9811024 0.8258425 2 P 0
L 1.9811024 0.972496 1.9811024 1.0039921 2 P 0
L 1.9811024 1.022496 1.9811024 1.0539921 2 P 0
L 1.9811024 1.072496 1.9811024 1.1039921 2 P 0
L 1.9811024 1.122496 1.9811024 1.1539921 2 P 0
L 1.9818898 0.8691497 1.9818898 0.9006458 2 P 0
L 1.9842519 0.6082677 1.9842519 0.6673229 2 P 0
L 2.0029843 0.5155512 2.0029843 0.6655512 1 P 0
L 2.0029843 0.5155512 2.2479843 0.5155512 1 P 0
L 2.0029843 0.6655512 2.2479843 0.6655512 1 P 0
L 2.0072441 0.7224016 2.0072441 0.8524016 0 P 0
L 2.0072441 0.7224016 2.0872441 0.7224016 0 P 0
L 2.0072441 0.8524016 2.0872441 0.8524016 0 P 0
L 2.0074804 0.8647008 2.0074804 0.9227008 0 P 0
L 2.0074804 0.8647008 2.0574804 0.8647008 0 P 0
L 2.0074804 0.9227008 2.0574804 0.9227008 0 P 0
L 2.0374016 0.0534015 2.0374016 0.0848976 2 P 0
L 2.0374016 0.0927716 2.0374016 0.1242677 2 P 0
L 2.0374016 0.1321417 2.0374016 0.1636378 2 P 0
L 2.0374016 0.1710079 2.0374016 0.202504 2 P 0
L 2.0574804 0.8647008 2.0574804 0.9227008 0 P 0
L 2.0637796 0.4370079 2.1228348 0.4370079 2 P 0
L 2.0637796 0.4372598 2.0637796 0.4687559 2 P 0
L 2.0637796 0.4685039 2.1228348 0.4685039 2 P 0
L 2.0767079 1.424937 2.0767079 1.612937 0 P 0
L 2.0767716 1.2084645 2.1358268 1.2084645 2 P 0
L 2.0767716 1.2087164 2.0767716 1.2402125 2 P 0
L 2.0767716 1.2399605 2.1358268 1.2399605 2 P 0
L 2.0767716 1.2582126 2.0767716 1.2897087 2 P 0
L 2.0767716 1.2584646 2.1358268 1.2584646 2 P 0
L 2.0767716 1.2899606 2.1358268 1.2899606 2 P 0
L 2.0767716 1.3582127 2.0767716 1.3897088 2 P 0
L 2.0767716 1.3584647 2.1358268 1.3584647 2 P 0
L 2.0767716 1.3899607 2.1358268 1.3899607 2 P 0
L 2.0812992 1.2952126 2.0812992 1.3532126 0 P 0
L 2.0812992 1.2952126 2.1312992 1.2952126 0 P 0
L 2.0812992 1.3532126 2.1312992 1.3532126 0 P 0
L 2.0856528 1.511811 2.1171489 1.511811 2 P 0
L 2.0856528 1.5708662 2.1171489 1.5708662 2 P 0
L 2.0859048 1.511811 2.0859048 1.5708662 2 P 0
L 2.0872441 0.7224016 2.0872441 0.8524016 0 P 0
L 2.1174008 1.511811 2.1174008 1.5708662 2 P 0
L 2.1228348 0.4372598 2.1228348 0.4687559 2 P 0
L 2.1267716 0.718504 2.1858268 0.718504 2 P 0
L 2.1267716 0.7187559 2.1267716 0.750252 2 P 0
L 2.1267716 0.75 2.1858268 0.75 2 P 0
L 2.1267716 0.7539371 2.1858268 0.7539371 2 P 0
L 2.1267716 0.754189 2.1267716 0.7856851 2 P 0
L 2.1267716 0.7854331 2.1858268 0.7854331 2 P 0
L 2.1267716 0.7893701 2.1858268 0.7893701 2 P 0
L 2.1267716 0.789622 2.1267716 0.8211181 2 P 0
L 2.1267716 0.8208661 2.1858268 0.8208661 2 P 0
L 2.1267716 0.8248032 2.1858268 0.8248032 2 P 0
L 2.1267716 0.8250551 2.1267716 0.8565512 2 P 0
L 2.1267716 0.8562992 2.1858268 0.8562992 2 P 0
L 2.1267716 0.8602363 2.1858268 0.8602363 2 P 0
L 2.1267716 0.8604882 2.1267716 0.8919843 2 P 0
L 2.1267716 0.8917323 2.1858268 0.8917323 2 P 0
L 2.1267716 0.8956693 2.1858268 0.8956693 2 P 0
L 2.1267716 0.8959212 2.1267716 0.9274173 2 P 0
L 2.1267716 0.9271653 2.1858268 0.9271653 2 P 0
L 2.1267717 0.4370079 2.1858269 0.4370079 2 P 0
L 2.1267717 0.4372598 2.1267717 0.4687559 2 P 0
L 2.1267717 0.4685039 2.1858269 0.4685039 2 P 0
L 2.1306528 1.511811 2.1621489 1.511811 2 P 0
L 2.1306528 1.5708662 2.1621489 1.5708662 2 P 0
L 2.1309048 1.511811 2.1309048 1.5708662 2 P 0
L 2.1312992 1.2952126 2.1312992 1.3532126 0 P 0
L 2.1358268 1.2087164 2.1358268 1.2402125 2 P 0
L 2.1358268 1.2582126 2.1358268 1.2897087 2 P 0
L 2.1358268 1.3582127 2.1358268 1.3897088 2 P 0
L 2.1582678 -0.0154961 2.1582678 0.016 2 P 0
L 2.1582678 0.015748 2.217323 0.015748 2 P 0
L 2.1582678 -0.015748 2.217323 -0.015748 2 P 0
L 2.1624008 1.511811 2.1624008 1.5708662 2 P 0
L 2.1690543 1.502937 2.1690543 1.5344331 2 P 0
L 2.1690543 1.503189 2.2281095 1.503189 2 P 0
L 2.1690543 1.534685 2.2281095 1.534685 2 P 0
L 2.1858268 0.7187559 2.1858268 0.750252 2 P 0
L 2.1858268 0.754189 2.1858268 0.7856851 2 P 0
L 2.1858268 0.789622 2.1858268 0.8211181 2 P 0
L 2.1858268 0.8250551 2.1858268 0.8565512 2 P 0
L 2.1858268 0.8604882 2.1858268 0.8919843 2 P 0
L 2.1858268 0.8959212 2.1858268 0.9274173 2 P 0
L 2.1858269 0.4372598 2.1858269 0.4687559 2 P 0
L 2.217323 -0.0154961 2.217323 0.016 2 P 0
L 2.2244094 0.0295275 2.2244094 0.2066929 1 P 0
L 2.2244094 0.0295275 2.4212598 0.0295275 1 P 0
L 2.2244094 0.2066929 2.4212598 0.2066929 1 P 0
L 2.2281095 1.502937 2.2281095 1.5344331 2 P 0
L 2.2342519 1.2114173 2.2933071 1.2114173 2 P 0
L 2.2342519 1.2116692 2.2342519 1.2431653 2 P 0
L 2.2342519 1.2429133 2.2933071 1.2429133 2 P 0
L 2.2342519 1.2611654 2.2342519 1.2926615 2 P 0
L 2.2342519 1.2614174 2.2933071 1.2614174 2 P 0
L 2.2342519 1.2929134 2.2933071 1.2929134 2 P 0
L 2.2342519 1.3611655 2.2342519 1.3926616 2 P 0
L 2.2342519 1.3614175 2.2933071 1.3614175 2 P 0
L 2.2342519 1.3929135 2.2933071 1.3929135 2 P 0
L 2.2387795 1.2981654 2.2387795 1.3561654 0 P 0
L 2.2387795 1.2981654 2.2887795 1.2981654 0 P 0
L 2.2387795 1.3561654 2.2887795 1.3561654 0 P 0
L 2.239511 1.511811 2.2710071 1.511811 2 P 0
L 2.239511 1.5708662 2.2710071 1.5708662 2 P 0
L 2.239763 1.511811 2.239763 1.5708662 2 P 0
L 2.2479843 0.5155512 2.2479843 0.6655512 1 P 0
L 2.257622 0.2185039 2.2891181 0.2185039 2 P 0
L 2.257622 0.2775591 2.2891181 0.2775591 2 P 0
L 2.2578739 -0.0492126 2.2578739 0.0098426 2 P 0
L 2.257874 0.2185039 2.257874 0.2775591 2 P 0
L 2.2581258 0.0098426 2.2896219 0.0098426 2 P 0
L 2.2581258 -0.0492126 2.2896219 -0.0492126 2 P 0
L 2.2674646 0.5137795 2.2989607 0.5137795 2 P 0
L 2.2674646 0.5728347 2.2989607 0.5728347 2 P 0
L 2.2677165 1.0253936 2.2677165 1.0844488 2 P 0
L 2.2677166 0.5137795 2.2677166 0.5728347 2 P 0
L 2.2679684 1.0253936 2.2994645 1.0253936 2 P 0
L 2.2679684 1.0844488 2.2994645 1.0844488 2 P 0
L 2.271259 1.511811 2.271259 1.5708662 2 P 0
L 2.2887795 1.2981654 2.2887795 1.3561654 0 P 0
L 2.2893699 -0.0492126 2.2893699 0.0098426 2 P 0
L 2.28937 0.2185039 2.28937 0.2775591 2 P 0
L 2.289511 1.511811 2.3210071 1.511811 2 P 0
L 2.289511 1.5708662 2.3210071 1.5708662 2 P 0
L 2.289763 1.511811 2.289763 1.5708662 2 P 0
L 2.2933071 1.2116692 2.2933071 1.2431653 2 P 0
L 2.2933071 1.2611654 2.2933071 1.2926615 2 P 0
L 2.2933071 1.3611655 2.2933071 1.3926616 2 P 0
L 2.2969921 0.2185039 2.3284882 0.2185039 2 P 0
L 2.2969921 0.2775591 2.3284882 0.2775591 2 P 0
L 2.297244 -0.0492126 2.297244 0.0098426 2 P 0
L 2.2972441 0.2185039 2.2972441 0.2775591 2 P 0
L 2.2974959 0.0098426 2.328992 0.0098426 2 P 0
L 2.2974959 -0.0492126 2.328992 -0.0492126 2 P 0
L 2.2992125 1.0253936 2.2992125 1.0844488 2 P 0
L 2.2992126 0.5137795 2.2992126 0.5728347 2 P 0
L 2.321259 1.511811 2.321259 1.5708662 2 P 0
L 2.32874 -0.0492126 2.32874 0.0098426 2 P 0
L 2.3287401 0.2185039 2.3287401 0.2775591 2 P 0
L 2.3326772 0.019685 2.3326772 0.4330708 0 P 0
L 2.3363622 0.2185039 2.3678583 0.2185039 2 P 0
L 2.3363622 0.2775591 2.3678583 0.2775591 2 P 0
L 2.3366141 -0.0492126 2.3366141 0.0098426 2 P 0
L 2.3366142 0.2185039 2.3366142 0.2775591 2 P 0
L 2.336866 0.0098426 2.3683621 0.0098426 2 P 0
L 2.336866 -0.0492126 2.3683621 -0.0492126 2 P 0
L 2.3681101 -0.0492126 2.3681101 0.0098426 2 P 0
L 2.3681102 0.2185039 2.3681102 0.2775591 2 P 0
L 2.3759843 0.2185039 2.3759843 0.2775591 2 P 0
L 2.3762362 0.2185039 2.4077323 0.2185039 2 P 0
L 2.3762362 0.2775591 2.4077323 0.2775591 2 P 0
L 2.4074803 0.2185039 2.4074803 0.2775591 2 P 0
L 2.4212598 0.0295275 2.4212598 0.2066929 1 P 0
L 2.4507874 0.0528977 2.4507874 0.0843938 2 P 0
L 2.4507874 0.0531497 2.5098426 0.0531497 2 P 0
L 2.4507874 0.0846457 2.5098426 0.0846457 2 P 0
L 2.4507874 0.0925197 2.5098426 0.0925197 2 P 0
L 2.4507874 0.0927716 2.4507874 0.1242677 2 P 0
L 2.4507874 0.1240157 2.5098426 0.1240157 2 P 0
L 2.4507874 0.1318898 2.5098426 0.1318898 2 P 0
L 2.4507874 0.1321417 2.4507874 0.1636378 2 P 0
L 2.4507874 0.1633858 2.5098426 0.1633858 2 P 0
L 2.4507874 0.1712598 2.5098426 0.1712598 2 P 0
L 2.4507874 0.1715117 2.4507874 0.2030078 2 P 0
L 2.4507874 0.2027558 2.5098426 0.2027558 2 P 0
L 2.5098426 0.0528977 2.5098426 0.0843938 2 P 0
L 2.5098426 0.0927716 2.5098426 0.1242677 2 P 0
L 2.5098426 0.1321417 2.5098426 0.1636378 2 P 0
L 2.5098426 0.1715117 2.5098426 0.2030078 2 P 0
L 2.5295275 0.0466536 2.5885827 0.0466536 2 P 0
L 2.5295275 0.0469055 2.5295275 0.0784016 2 P 0
L 2.5295275 0.0781496 2.5885827 0.0781496 2 P 0
L 2.5295275 0.0966536 2.5885827 0.0966536 2 P 0
L 2.5295275 0.0969055 2.5295275 0.1284016 2 P 0
L 2.5295275 0.1281496 2.5885827 0.1281496 2 P 0
L 2.5295275 0.1466536 2.5885827 0.1466536 2 P 0
L 2.5295275 0.1469055 2.5295275 0.1784016 2 P 0
L 2.5295275 0.1781496 2.5885827 0.1781496 2 P 0
L 2.5295275 0.2466536 2.5885827 0.2466536 2 P 0
L 2.5295275 0.2469055 2.5295275 0.2784016 2 P 0
L 2.5295275 0.2781496 2.5885827 0.2781496 2 P 0
L 2.5295275 0.2966536 2.5885827 0.2966536 2 P 0
L 2.5295275 0.2969055 2.5295275 0.3284016 2 P 0
L 2.5295275 0.3281496 2.5885827 0.3281496 2 P 0
L 2.5295275 0.3466536 2.5885827 0.3466536 2 P 0
L 2.5295275 0.3469055 2.5295275 0.3784016 2 P 0
L 2.5295275 0.3781496 2.5885827 0.3781496 2 P 0
L 2.5295275 0.3966536 2.5885827 0.3966536 2 P 0
L 2.5295275 0.3969055 2.5295275 0.4284016 2 P 0
L 2.5295275 0.4281496 2.5885827 0.4281496 2 P 0
L 2.5295275 0.4466536 2.5885827 0.4466536 2 P 0
L 2.5295275 0.4469055 2.5295275 0.4784016 2 P 0
L 2.5295275 0.4781496 2.5885827 0.4781496 2 P 0
L 2.5295275 0.4966536 2.5885827 0.4966536 2 P 0
L 2.5295275 0.4969055 2.5295275 0.5284016 2 P 0
L 2.5295275 0.5281496 2.5885827 0.5281496 2 P 0
L 2.5295275 0.5466536 2.5885827 0.5466536 2 P 0
L 2.5295275 0.5469055 2.5295275 0.5784016 2 P 0
L 2.5295275 0.5781496 2.5885827 0.5781496 2 P 0
L 2.5295275 0.5966536 2.5885827 0.5966536 2 P 0
L 2.5295275 0.5969055 2.5295275 0.6284016 2 P 0
L 2.5295275 0.6281496 2.5885827 0.6281496 2 P 0
L 2.5295275 0.6466536 2.5885827 0.6466536 2 P 0
L 2.5295275 0.6469055 2.5295275 0.6784016 2 P 0
L 2.5295275 0.6781496 2.5885827 0.6781496 2 P 0
L 2.5295275 0.6966536 2.5885827 0.6966536 2 P 0
L 2.5295275 0.6969055 2.5295275 0.7284016 2 P 0
L 2.5295275 0.7281496 2.5885827 0.7281496 2 P 0
L 2.5295275 0.7466536 2.5885827 0.7466536 2 P 0
L 2.5295275 0.7469055 2.5295275 0.7784016 2 P 0
L 2.5295275 0.7781496 2.5885827 0.7781496 2 P 0
L 2.5295275 0.7966536 2.5885827 0.7966536 2 P 0
L 2.5295275 0.7969055 2.5295275 0.8284016 2 P 0
L 2.5295275 0.8281496 2.5885827 0.8281496 2 P 0
L 2.5295275 0.8466536 2.5885827 0.8466536 2 P 0
L 2.5295275 0.8469055 2.5295275 0.8784016 2 P 0
L 2.5295275 0.8781496 2.5885827 0.8781496 2 P 0
L 2.5295275 0.8966536 2.5885827 0.8966536 2 P 0
L 2.5295275 0.8969055 2.5295275 0.9284016 2 P 0
L 2.5295275 0.9281496 2.5885827 0.9281496 2 P 0
L 2.5295275 0.9466536 2.5885827 0.9466536 2 P 0
L 2.5295275 0.9469055 2.5295275 0.9784016 2 P 0
L 2.5295275 0.9781496 2.5885827 0.9781496 2 P 0
L 2.5295275 0.9966536 2.5885827 0.9966536 2 P 0
L 2.5295275 0.9969055 2.5295275 1.0284016 2 P 0
L 2.5295275 1.0281496 2.5885827 1.0281496 2 P 0
L 2.5295275 1.0466536 2.5885827 1.0466536 2 P 0
L 2.5295275 1.0469055 2.5295275 1.0784016 2 P 0
L 2.5295275 1.0781496 2.5885827 1.0781496 2 P 0
L 2.5295275 1.0966536 2.5885827 1.0966536 2 P 0
L 2.5295275 1.0969055 2.5295275 1.1284016 2 P 0
L 2.5295275 1.1281496 2.5885827 1.1281496 2 P 0
L 2.5295275 1.1466536 2.5885827 1.1466536 2 P 0
L 2.5295275 1.1469055 2.5295275 1.1784016 2 P 0
L 2.5295275 1.1781496 2.5885827 1.1781496 2 P 0
L 2.5295275 1.1966536 2.5885827 1.1966536 2 P 0
L 2.5295275 1.1969055 2.5295275 1.2284016 2 P 0
L 2.5295275 1.2281496 2.5885827 1.2281496 2 P 0
L 2.5295275 1.2466536 2.5885827 1.2466536 2 P 0
L 2.5295275 1.2469055 2.5295275 1.2784016 2 P 0
L 2.5295275 1.2781496 2.5885827 1.2781496 2 P 0
L 2.5295275 1.2966536 2.5885827 1.2966536 2 P 0
L 2.5295275 1.2969055 2.5295275 1.3284016 2 P 0
L 2.5295275 1.3281496 2.5885827 1.3281496 2 P 0
L 2.5295275 1.3466536 2.5885827 1.3466536 2 P 0
L 2.5295275 1.3469055 2.5295275 1.3784016 2 P 0
L 2.5295275 1.3781496 2.5885827 1.3781496 2 P 0
L 2.5295275 1.3966536 2.5885827 1.3966536 2 P 0
L 2.5295275 1.3969055 2.5295275 1.4284016 2 P 0
L 2.5295275 1.4281496 2.5885827 1.4281496 2 P 0
L 2.5295275 1.4466536 2.5885827 1.4466536 2 P 0
L 2.5295275 1.4469055 2.5295275 1.4784016 2 P 0
L 2.5295275 1.4781496 2.5885827 1.4781496 2 P 0
L 2.5885827 0.0469055 2.5885827 0.0784016 2 P 0
L 2.5885827 0.0969055 2.5885827 0.1284016 2 P 0
L 2.5885827 0.1469055 2.5885827 0.1784016 2 P 0
L 2.5885827 0.2469055 2.5885827 0.2784016 2 P 0
L 2.5885827 0.2969055 2.5885827 0.3284016 2 P 0
L 2.5885827 0.3469055 2.5885827 0.3784016 2 P 0
L 2.5885827 0.3969055 2.5885827 0.4284016 2 P 0
L 2.5885827 0.4469055 2.5885827 0.4784016 2 P 0
L 2.5885827 0.4969055 2.5885827 0.5284016 2 P 0
L 2.5885827 0.5469055 2.5885827 0.5784016 2 P 0
L 2.5885827 0.5969055 2.5885827 0.6284016 2 P 0
L 2.5885827 0.6469055 2.5885827 0.6784016 2 P 0
L 2.5885827 0.6969055 2.5885827 0.7284016 2 P 0
L 2.5885827 0.7469055 2.5885827 0.7784016 2 P 0
L 2.5885827 0.7969055 2.5885827 0.8284016 2 P 0
L 2.5885827 0.8469055 2.5885827 0.8784016 2 P 0
L 2.5885827 0.8969055 2.5885827 0.9284016 2 P 0
L 2.5885827 0.9469055 2.5885827 0.9784016 2 P 0
L 2.5885827 0.9969055 2.5885827 1.0284016 2 P 0
L 2.5885827 1.0469055 2.5885827 1.0784016 2 P 0
L 2.5885827 1.0969055 2.5885827 1.1284016 2 P 0
L 2.5885827 1.1469055 2.5885827 1.1784016 2 P 0
L 2.5885827 1.1969055 2.5885827 1.2284016 2 P 0
L 2.5885827 1.2469055 2.5885827 1.2784016 2 P 0
L 2.5885827 1.2969055 2.5885827 1.3284016 2 P 0
L 2.5885827 1.3469055 2.5885827 1.3784016 2 P 0
L 2.5885827 1.3969055 2.5885827 1.4284016 2 P 0
L 2.5885827 1.4469055 2.5885827 1.4784016 2 P 0
L 2.6968504 0.0295275 2.6968504 0.2066929 1 P 0
L 2.6968504 0.0295275 2.8937008 0.0295275 1 P 0
L 2.6968504 0.2066929 2.8937008 0.2066929 1 P 0
L 2.710378 0.2185039 2.7418741 0.2185039 2 P 0
L 2.710378 0.2775591 2.7418741 0.2775591 2 P 0
L 2.7106299 -0.0492126 2.7106299 0.0098426 2 P 0
L 2.71063 0.2185039 2.71063 0.2775591 2 P 0
L 2.7108818 0.0098426 2.7423779 0.0098426 2 P 0
L 2.7108818 -0.0492126 2.7423779 -0.0492126 2 P 0
L 2.7421259 -0.0492126 2.7421259 0.0098426 2 P 0
L 2.742126 0.2185039 2.742126 0.2775591 2 P 0
L 2.749748 0.2185039 2.7812441 0.2185039 2 P 0
L 2.749748 0.2775591 2.7812441 0.2775591 2 P 0
L 2.7499999 -0.0492126 2.7499999 0.0098426 2 P 0
L 2.75 0.2185039 2.75 0.2775591 2 P 0
L 2.7502518 0.0098426 2.7817479 0.0098426 2 P 0
L 2.7502518 -0.0492126 2.7817479 -0.0492126 2 P 0
L 2.7814959 -0.0492126 2.7814959 0.0098426 2 P 0
L 2.781496 0.2185039 2.781496 0.2775591 2 P 0
L 2.7891181 0.2185039 2.8206142 0.2185039 2 P 0
L 2.7891181 0.2775591 2.8206142 0.2775591 2 P 0
L 2.78937 -0.0492126 2.78937 0.0098426 2 P 0
L 2.7893701 0.2185039 2.7893701 0.2775591 2 P 0
L 2.7896219 0.0098426 2.821118 0.0098426 2 P 0
L 2.7896219 -0.0492126 2.821118 -0.0492126 2 P 0
L 2.820866 -0.0492126 2.820866 0.0098426 2 P 0
L 2.8208661 0.2185039 2.8208661 0.2775591 2 P 0
L 2.8284882 0.2185039 2.8599843 0.2185039 2 P 0
L 2.8284882 0.2775591 2.8599843 0.2775591 2 P 0
L 2.8287401 -0.0492126 2.8287401 0.0098426 2 P 0
L 2.8287402 0.2185039 2.8287402 0.2775591 2 P 0
L 2.828992 0.0098426 2.8604881 0.0098426 2 P 0
L 2.828992 -0.0492126 2.8604881 -0.0492126 2 P 0
L 2.8602361 -0.0492126 2.8602361 0.0098426 2 P 0
L 2.8602362 0.2185039 2.8602362 0.2775591 2 P 0
L 2.8681103 0.2185039 2.8681103 0.2775591 2 P 0
L 2.8683622 0.2185039 2.8998583 0.2185039 2 P 0
L 2.8683622 0.2775591 2.8998583 0.2775591 2 P 0
L 2.8778346 0.2967717 2.8778346 1.4067717 0 P 0
L 2.8937008 0.0295275 2.8937008 0.2066929 1 P 0
L 2.8976378 0.5927164 2.8976378 0.6517716 2 P 0
L 2.8978897 0.5927164 2.9293858 0.5927164 2 P 0
L 2.8978897 0.6517716 2.9293858 0.6517716 2 P 0
L 2.8996063 0.2185039 2.8996063 0.2775591 2 P 0
L 2.9232283 0.0531496 2.9822835 0.0531496 2 P 0
L 2.9232283 0.0534015 2.9232283 0.0848976 2 P 0
L 2.9232283 0.0846456 2.9822835 0.0846456 2 P 0
L 2.9232283 0.0925197 2.9822835 0.0925197 2 P 0
L 2.9232283 0.0927716 2.9232283 0.1242677 2 P 0
L 2.9232283 0.0964017 2.9232283 0.1278978 2 P 0
L 2.9232283 0.0966537 2.9822835 0.0966537 2 P 0
L 2.9232283 0.1240157 2.9822835 0.1240157 2 P 0
L 2.9232283 0.1281497 2.9822835 0.1281497 2 P 0
L 2.9232283 0.1318898 2.9822835 0.1318898 2 P 0
L 2.9232283 0.1321417 2.9232283 0.1636378 2 P 0
L 2.9232283 0.1464017 2.9232283 0.1778978 2 P 0
L 2.9232283 0.1466537 2.9822835 0.1466537 2 P 0
L 2.9232283 0.1633858 2.9822835 0.1633858 2 P 0
L 2.9232283 0.1710079 2.9232283 0.202504 2 P 0
L 2.9232283 0.1712599 2.9822835 0.1712599 2 P 0
L 2.9232283 0.1781497 2.9822835 0.1781497 2 P 0
L 2.9232283 0.1964017 2.9232283 0.2278978 2 P 0
L 2.9232283 0.1966537 2.9822835 0.1966537 2 P 0
L 2.9232283 0.2027559 2.9822835 0.2027559 2 P 0
L 2.9232283 0.2281497 2.9822835 0.2281497 2 P 0
L 2.9232283 0.2464017 2.9232283 0.2778978 2 P 0
L 2.9232283 0.2466537 2.9822835 0.2466537 2 P 0
L 2.9232283 0.2781497 2.9822835 0.2781497 2 P 0
L 2.9232283 0.2964017 2.9232283 0.3278978 2 P 0
L 2.9232283 0.2966537 2.9822835 0.2966537 2 P 0
L 2.9232283 0.3281497 2.9822835 0.3281497 2 P 0
L 2.9232283 0.3464017 2.9232283 0.3778978 2 P 0
L 2.9232283 0.3466537 2.9822835 0.3466537 2 P 0
L 2.9232283 0.3781497 2.9822835 0.3781497 2 P 0
L 2.9232283 0.3964017 2.9232283 0.4278978 2 P 0
L 2.9232283 0.3966537 2.9822835 0.3966537 2 P 0
L 2.9232283 0.4281497 2.9822835 0.4281497 2 P 0
L 2.9232283 0.4464017 2.9232283 0.4778978 2 P 0
L 2.9232283 0.4466537 2.9822835 0.4466537 2 P 0
L 2.9232283 0.4781497 2.9822835 0.4781497 2 P 0
L 2.9232283 0.4964017 2.9232283 0.5278978 2 P 0
L 2.9232283 0.4966537 2.9822835 0.4966537 2 P 0
L 2.9232283 0.5281497 2.9822835 0.5281497 2 P 0
L 2.9232283 0.5464017 2.9232283 0.5778978 2 P 0
L 2.9232283 0.5466537 2.9822835 0.5466537 2 P 0
L 2.9232283 0.5781497 2.9822835 0.5781497 2 P 0
L 2.9232283 0.5964017 2.9232283 0.6278978 2 P 0
L 2.9232283 0.5966537 2.9822835 0.5966537 2 P 0
L 2.9232283 0.6281497 2.9822835 0.6281497 2 P 0
L 2.9232283 0.6464017 2.9232283 0.6778978 2 P 0
L 2.9232283 0.6466537 2.9822835 0.6466537 2 P 0
L 2.9232283 0.6781497 2.9822835 0.6781497 2 P 0
L 2.9232283 0.6964017 2.9232283 0.7278978 2 P 0
L 2.9232283 0.6966537 2.9822835 0.6966537 2 P 0
L 2.9232283 0.7281497 2.9822835 0.7281497 2 P 0
L 2.9232283 0.7464017 2.9232283 0.7778978 2 P 0
L 2.9232283 0.7466537 2.9822835 0.7466537 2 P 0
L 2.9232283 0.7781497 2.9822835 0.7781497 2 P 0
L 2.9232283 0.7964017 2.9232283 0.8278978 2 P 0
L 2.9232283 0.7966537 2.9822835 0.7966537 2 P 0
L 2.9232283 0.8281497 2.9822835 0.8281497 2 P 0
L 2.9232283 0.8464017 2.9232283 0.8778978 2 P 0
L 2.9232283 0.8466537 2.9822835 0.8466537 2 P 0
L 2.9232283 0.8781497 2.9822835 0.8781497 2 P 0
L 2.9232283 0.8964017 2.9232283 0.9278978 2 P 0
L 2.9232283 0.8966537 2.9822835 0.8966537 2 P 0
L 2.9232283 0.9281497 2.9822835 0.9281497 2 P 0
L 2.9232283 0.9464017 2.9232283 0.9778978 2 P 0
L 2.9232283 0.9466537 2.9822835 0.9466537 2 P 0
L 2.9232283 0.9781497 2.9822835 0.9781497 2 P 0
L 2.9232283 0.9964017 2.9232283 1.0278978 2 P 0
L 2.9232283 0.9966537 2.9822835 0.9966537 2 P 0
L 2.9232283 1.0281497 2.9822835 1.0281497 2 P 0
L 2.9232283 1.0464017 2.9232283 1.0778978 2 P 0
L 2.9232283 1.0466537 2.9822835 1.0466537 2 P 0
L 2.9232283 1.0781497 2.9822835 1.0781497 2 P 0
L 2.9232283 1.0964017 2.9232283 1.1278978 2 P 0
L 2.9232283 1.0966537 2.9822835 1.0966537 2 P 0
L 2.9232283 1.1281497 2.9822835 1.1281497 2 P 0
L 2.9232283 1.1464017 2.9232283 1.1778978 2 P 0
L 2.9232283 1.1466537 2.9822835 1.1466537 2 P 0
L 2.9232283 1.1781497 2.9822835 1.1781497 2 P 0
L 2.9232283 1.1964017 2.9232283 1.2278978 2 P 0
L 2.9232283 1.1966537 2.9822835 1.1966537 2 P 0
L 2.9232283 1.2281497 2.9822835 1.2281497 2 P 0
L 2.9232283 1.2464017 2.9232283 1.2778978 2 P 0
L 2.9232283 1.2466537 2.9822835 1.2466537 2 P 0
L 2.9232283 1.2781497 2.9822835 1.2781497 2 P 0
L 2.9232283 1.2964017 2.9232283 1.3278978 2 P 0
L 2.9232283 1.2966537 2.9822835 1.2966537 2 P 0
L 2.9232283 1.3281497 2.9822835 1.3281497 2 P 0
L 2.9232283 1.3464017 2.9232283 1.3778978 2 P 0
L 2.9232283 1.3466537 2.9822835 1.3466537 2 P 0
L 2.9232283 1.3781497 2.9822835 1.3781497 2 P 0
L 2.9232283 1.4464017 2.9232283 1.4778978 2 P 0
L 2.9232283 1.4466537 2.9822835 1.4466537 2 P 0
L 2.9232283 1.4781497 2.9822835 1.4781497 2 P 0
L 2.9232283 1.4964017 2.9232283 1.5278978 2 P 0
L 2.9232283 1.4966537 2.9822835 1.4966537 2 P 0
L 2.9232283 1.5281497 2.9822835 1.5281497 2 P 0
L 2.9291338 0.5927164 2.9291338 0.6517716 2 P 0
L 2.9308071 1.0277323 2.9308071 1.0657323 0 P 0
L 2.9308071 1.0277323 3.0308071 1.0277323 0 P 0
L 2.9308071 1.0657323 3.0308071 1.0657323 0 P 0
L 2.949 0.8185433 2.9804961 0.8185433 2 P 0
L 2.949 0.8775985 2.9804961 0.8775985 2 P 0
L 2.949252 0.8185433 2.949252 0.8775985 2 P 0
L 2.9718504 1.0701024 2.9718504 1.1015985 2 P 0
L 2.9718504 1.0703544 3.0309056 1.0703544 2 P 0
L 2.9718504 1.1018504 3.0309056 1.1018504 2 P 0
L 2.9718504 1.1094724 2.9718504 1.1409685 2 P 0
L 2.9718504 1.1097244 3.0309056 1.1097244 2 P 0
L 2.9718504 1.1412204 3.0309056 1.1412204 2 P 0
L 2.980748 0.8185433 2.980748 0.8775985 2 P 0
L 2.9822835 0.0534015 2.9822835 0.0848976 2 P 0
L 2.9822835 0.0927716 2.9822835 0.1242677 2 P 0
L 2.9822835 0.0964017 2.9822835 0.1278978 2 P 0
L 2.9822835 0.1321417 2.9822835 0.1636378 2 P 0
L 2.9822835 0.1464017 2.9822835 0.1778978 2 P 0
L 2.9822835 0.1710079 2.9822835 0.202504 2 P 0
L 2.9822835 0.1964017 2.9822835 0.2278978 2 P 0
L 2.9822835 0.2464017 2.9822835 0.2778978 2 P 0
L 2.9822835 0.2964017 2.9822835 0.3278978 2 P 0
L 2.9822835 0.3464017 2.9822835 0.3778978 2 P 0
L 2.9822835 0.3964017 2.9822835 0.4278978 2 P 0
L 2.9822835 0.4464017 2.9822835 0.4778978 2 P 0
L 2.9822835 0.4964017 2.9822835 0.5278978 2 P 0
L 2.9822835 0.5464017 2.9822835 0.5778978 2 P 0
L 2.9822835 0.5964017 2.9822835 0.6278978 2 P 0
L 2.9822835 0.6464017 2.9822835 0.6778978 2 P 0
L 2.9822835 0.6964017 2.9822835 0.7278978 2 P 0
L 2.9822835 0.7464017 2.9822835 0.7778978 2 P 0
L 2.9822835 0.7964017 2.9822835 0.8278978 2 P 0
L 2.9822835 0.8464017 2.9822835 0.8778978 2 P 0
L 2.9822835 0.8964017 2.9822835 0.9278978 2 P 0
L 2.9822835 0.9464017 2.9822835 0.9778978 2 P 0
L 2.9822835 0.9964017 2.9822835 1.0278978 2 P 0
L 2.9822835 1.0464017 2.9822835 1.0778978 2 P 0
L 2.9822835 1.0964017 2.9822835 1.1278978 2 P 0
L 2.9822835 1.1464017 2.9822835 1.1778978 2 P 0
L 2.9822835 1.1964017 2.9822835 1.2278978 2 P 0
L 2.9822835 1.2464017 2.9822835 1.2778978 2 P 0
L 2.9822835 1.2964017 2.9822835 1.3278978 2 P 0
L 2.9822835 1.3464017 2.9822835 1.3778978 2 P 0
L 2.9822835 1.4464017 2.9822835 1.4778978 2 P 0
L 2.9822835 1.4964017 2.9822835 1.5278978 2 P 0
L 2.9892126 0.7071417 2.9892126 0.8351417 0 P 0
L 2.9892126 0.7071417 3.1092126 0.7071417 0 P 0
L 2.9892126 0.8351417 3.1092126 0.8351417 0 P 0
L 2.992811 0.9179921 2.992811 1.0179921 0 P 0
L 2.992811 0.9179921 3.030811 0.9179921 0 P 0
L 2.992811 1.0179921 3.030811 1.0179921 0 P 0
L 2.9951574 0.348252 2.9951574 0.3797481 2 P 0
L 2.9951574 0.348504 3.0542126 0.348504 2 P 0
L 2.9951574 0.38 3.0542126 0.38 2 P 0
L 2.9951574 0.3878738 3.0542126 0.3878738 2 P 0
L 2.9951574 0.3881257 2.9951574 0.4196218 2 P 0
L 2.9951574 0.4193698 3.0542126 0.4193698 2 P 0
L 2.9951574 0.426992 2.9951574 0.4584881 2 P 0
L 2.9951574 0.427244 3.0542126 0.427244 2 P 0
L 2.9951574 0.45874 3.0542126 0.45874 2 P 0
L 2.995811 0.6235039 3.0273071 0.6235039 2 P 0
L 2.995811 0.6825591 3.0273071 0.6825591 2 P 0
L 2.996063 0.6235039 2.996063 0.6825591 2 P 0
L 2.9992125 0.849 2.9992125 0.8804961 2 P 0
L 2.9992125 0.849252 3.0582677 0.849252 2 P 0
L 2.9992125 0.880748 3.0582677 0.880748 2 P 0
L 2.999685 0.471748 2.999685 0.529748 0 P 0
L 2.999685 0.471748 3.049685 0.471748 0 P 0
L 2.999685 0.529748 3.049685 0.529748 0 P 0
L 3.027559 0.6235039 3.027559 0.6825591 2 P 0
L 3.0308071 1.0277323 3.0308071 1.0657323 0 P 0
L 3.030811 0.9179921 3.030811 1.0179921 0 P 0
L 3.0309056 1.0701024 3.0309056 1.1015985 2 P 0
L 3.0309056 1.1094724 3.0309056 1.1409685 2 P 0
L 3.0334646 0.6235039 3.0334646 0.6825591 2 P 0
L 3.0337165 0.6235039 3.0652126 0.6235039 2 P 0
L 3.0337165 0.6825591 3.0652126 0.6825591 2 P 0
L 3.049685 0.471748 3.049685 0.529748 0 P 0
L 3.0542126 0.348252 3.0542126 0.3797481 2 P 0
L 3.0542126 0.3881257 3.0542126 0.4196218 2 P 0
L 3.0542126 0.426992 3.0542126 0.4584881 2 P 0
L 3.0557086 1.0703544 3.1147638 1.0703544 2 P 0
L 3.0557086 1.0706063 3.0557086 1.1021024 2 P 0
L 3.0557086 1.1018504 3.1147638 1.1018504 2 P 0
L 3.0557086 1.1097244 3.1147638 1.1097244 2 P 0
L 3.0557086 1.1099763 3.0557086 1.1414724 2 P 0
L 3.0557086 1.1412204 3.1147638 1.1412204 2 P 0
L 3.0558032 0.9179921 3.0558032 1.0179921 0 P 0
L 3.0558032 0.9179921 3.0938032 0.9179921 0 P 0
L 3.0558032 1.0179921 3.0938032 1.0179921 0 P 0
L 3.0558071 1.0277323 3.0558071 1.0657323 0 P 0
L 3.0558071 1.0277323 3.1558071 1.0277323 0 P 0
L 3.0558071 1.0657323 3.1558071 1.0657323 0 P 0
L 3.0582677 0.849 3.0582677 0.8804961 2 P 0
L 3.0629133 0.348252 3.0629133 0.3797481 2 P 0
L 3.0629133 0.348504 3.1219685 0.348504 2 P 0
L 3.0629133 0.38 3.1219685 0.38 2 P 0
L 3.0629133 0.3878738 3.1219685 0.3878738 2 P 0
L 3.0629133 0.3881257 3.0629133 0.4196218 2 P 0
L 3.0629133 0.4193698 3.1219685 0.4193698 2 P 0
L 3.0629133 0.426992 3.0629133 0.4584881 2 P 0
L 3.0629133 0.427244 3.1219685 0.427244 2 P 0
L 3.0629133 0.45874 3.1219685 0.45874 2 P 0
L 3.0649606 0.6235039 3.0649606 0.6825591 2 P 0
L 3.0674409 0.471748 3.0674409 0.529748 0 P 0
L 3.0674409 0.471748 3.1174409 0.471748 0 P 0
L 3.0674409 0.529748 3.1174409 0.529748 0 P 0
L 3.0708662 0.6235039 3.0708662 0.6825591 2 P 0
L 3.0711181 0.6235039 3.1026142 0.6235039 2 P 0
L 3.0711181 0.6825591 3.1026142 0.6825591 2 P 0
L 3.0938032 0.9179921 3.0938032 1.0179921 0 P 0
L 3.1023622 0.6235039 3.1023622 0.6825591 2 P 0
L 3.1092126 0.7071417 3.1092126 0.8351417 0 P 0
L 3.1147638 1.0706063 3.1147638 1.1021024 2 P 0
L 3.1147638 1.1099763 3.1147638 1.1414724 2 P 0
L 3.1174409 0.471748 3.1174409 0.529748 0 P 0
L 3.1219685 0.348252 3.1219685 0.3797481 2 P 0
L 3.1219685 0.3881257 3.1219685 0.4196218 2 P 0
L 3.1219685 0.426992 3.1219685 0.4584881 2 P 0
L 3.1558071 1.0277323 3.1558071 1.0657323 0 P 0
