#Layer_Color=16711935
#
#Feature symbol names
#
$0 r7.874
$1 r3.937
$2 r1.9685

#
#Feature attribute names
#

#
#Layer features
#
L 0.0334646 0.1712599 0.0334646 0.3799213 1 P 0
L 0.0334646 0.1712599 0.1899607 0.1712599 1 P 0
L 0.0334646 0.3799213 0.1899607 0.3799213 1 P 0
L 0.0334646 0.4074803 0.0334646 0.6161417 1 P 0
L 0.0334646 0.4074803 0.1899607 0.4074803 1 P 0
L 0.0334646 0.6161417 0.1899607 0.6161417 1 P 0
L 0.0334646 0.9586614 0.0334646 1.1673228 1 P 0
L 0.0334646 0.9586614 0.1899607 0.9586614 1 P 0
L 0.0334646 1.1673228 0.1899607 1.1673228 1 P 0
L 0.0334646 1.1948819 0.0334646 1.4035433 1 P 0
L 0.0334646 1.1948819 0.1899607 1.1948819 1 P 0
L 0.0334646 1.4035433 0.1899607 1.4035433 1 P 0
L 0.0866141 0.730315 0.0866141 0.8444882 1 P 0
L 0.0866141 0.730315 0.1496063 0.730315 1 P 0
L 0.0866141 0.8070866 0.1240157 0.8444882 1 P 0
L 0.0866141 0.8444882 0.1496063 0.8444882 1 P 0
L 0.1496063 0.730315 0.1496063 0.8444882 1 P 0
L 0.1899607 0.1712599 0.242126 0.2234252 1 P 0
L 0.1899607 0.3799213 0.242126 0.327756 1 P 0
L 0.1899607 0.4074803 0.242126 0.4596456 1 P 0
L 0.1899607 0.6161417 0.242126 0.5639764 1 P 0
L 0.1899607 0.9586614 0.242126 1.0108267 1 P 0
L 0.1899607 1.1673228 0.242126 1.1151575 1 P 0
L 0.1899607 1.1948819 0.242126 1.2470472 1 P 0
L 0.1899607 1.4035433 0.242126 1.351378 1 P 0
L 0.242126 0.2234252 0.242126 0.327756 1 P 0
L 0.242126 0.4596456 0.242126 0.5639764 1 P 0
L 0.242126 1.0108267 0.242126 1.1151575 1 P 0
L 0.242126 1.2470472 0.242126 1.351378 1 P 0
L 0.3067008 0.3067008 0.3067008 0.4807008 1 P 0
L 0.3067008 0.3067008 0.4807008 0.3067008 1 P 0
L 0.3067008 0.4807008 0.4807008 0.4807008 1 P 0
L 0.3067008 1.0941024 0.3067008 1.2681024 1 P 0
L 0.3067008 1.0941024 0.4807008 1.0941024 1 P 0
L 0.3067008 1.2681024 0.4807008 1.2681024 1 P 0
L 0.4807008 0.3067008 0.4807008 0.4807008 1 P 0
L 0.4807008 1.0941024 0.4807008 1.2681024 1 P 0
L 0.4971811 0.3327008 0.4971811 0.4547008 1 P 0
L 0.4971811 0.3327008 0.6051811 0.3327008 1 P 0
L 0.4971811 0.4547008 0.6051811 0.4547008 1 P 0
L 0.4971811 1.1201024 0.4971811 1.2421024 1 P 0
L 0.4971811 1.1201024 0.6051811 1.1201024 1 P 0
L 0.4971811 1.2421024 0.6051811 1.2421024 1 P 0
L 0.519685 0.730315 0.519685 0.8444882 1 P 0
L 0.519685 0.730315 0.5826772 0.730315 1 P 0
L 0.519685 0.8070866 0.5570866 0.8444882 1 P 0
L 0.519685 0.8444882 0.5826772 0.8444882 1 P 0
L 0.5826772 0.730315 0.5826772 0.8444882 1 P 0
L 0.6051811 0.3327008 0.6051811 0.4547008 1 P 0
L 0.6051811 1.1201024 0.6051811 1.2421024 1 P 0
L 0.8427323 0.9200472 0.8427323 1.4910472 0 P 0
L 0.8427323 0.9200472 1.4407323 0.9200472 0 P 0
L 0.8427323 1.4910472 1.4407323 1.4910472 0 P 0
L 0.8966141 0.4064409 0.8966141 0.5394409 1 P 0
L 0.8966141 0.4064409 0.9766141 0.4064409 1 P 0
L 0.8966141 0.5394409 0.9766141 0.5394409 1 P 0
L 0.9232284 0.8661418 0.9232284 0.9055118 1 P 0
L 0.9232284 0.8661418 0.9665354 0.8661418 1 P 0
L 0.9232284 0.9055118 0.9665354 0.9055118 1 P 0
L 0.9232284 1.2204725 0.9232284 1.2598425 1 P 0
L 0.9232284 1.2204725 0.9665354 1.2204725 1 P 0
L 0.9232284 1.2598425 0.9665354 1.2598425 1 P 0
L 0.9665354 0.8661418 0.9665354 0.9055118 1 P 0
L 0.9665354 1.2204725 0.9665354 1.2598425 1 P 0
L 0.9766141 0.4064409 0.9766141 0.5394409 1 P 0
L 1.0807087 0.8661418 1.0807087 0.9055118 1 P 0
L 1.0807087 0.8661418 1.1240157 0.8661418 1 P 0
L 1.0807087 0.9055118 1.1240157 0.9055118 1 P 0
L 1.0807087 1.2204725 1.0807087 1.2598425 1 P 0
L 1.0807087 1.2204725 1.1240157 1.2204725 1 P 0
L 1.0807087 1.2598425 1.1240157 1.2598425 1 P 0
L 1.0930315 0.2934409 1.0930315 0.6524409 1 P 0
L 1.0930315 0.2934409 1.4520315 0.2934409 1 P 0
L 1.0930315 0.6524409 1.4520315 0.6524409 1 P 0
L 1.0984724 0.7124016 1.0984724 0.8624016 1 P 0
L 1.0984724 0.7124016 1.3434724 0.7124016 1 P 0
L 1.0984724 0.8624016 1.3434724 0.8624016 1 P 0
L 1.1240157 0.8661418 1.1240157 0.9055118 1 P 0
L 1.1240157 1.2204725 1.1240157 1.2598425 1 P 0
L 1.238189 0.8661418 1.238189 0.9055118 1 P 0
L 1.238189 0.8661418 1.281496 0.8661418 1 P 0
L 1.238189 0.9055118 1.281496 0.9055118 1 P 0
L 1.238189 1.2204725 1.238189 1.2598425 1 P 0
L 1.238189 1.2204725 1.281496 1.2204725 1 P 0
L 1.238189 1.2598425 1.281496 1.2598425 1 P 0
L 1.2572126 0.1548504 1.2572126 0.2388504 2 P 0
L 1.2572126 0.1548504 1.3412126 0.1548504 2 P 0
L 1.2572126 0.1648504 1.2672126 0.1548504 2 P 0
L 1.2572126 0.2388504 1.3412126 0.2388504 2 P 0
L 1.281496 0.8661418 1.281496 0.9055118 1 P 0
L 1.281496 1.2204725 1.281496 1.2598425 1 P 0
L 1.3412126 0.1548504 1.3412126 0.2388504 2 P 0
L 1.3434724 0.7124016 1.3434724 0.8624016 1 P 0
L 1.3683228 0.7740866 1.3683228 0.8400866 2 P 0
L 1.3683228 0.7740866 1.4663228 0.7740866 2 P 0
L 1.3683228 0.8400866 1.4663228 0.8400866 2 P 0
L 1.3683228 0.9118819 1.3683228 0.9778819 2 P 0
L 1.3683228 0.9118819 1.4663228 0.9118819 2 P 0
L 1.3683228 0.9778819 1.4663228 0.9778819 2 P 0
L 1.3956693 1.2204725 1.3956693 1.2598425 1 P 0
L 1.3956693 1.2204725 1.4389763 1.2204725 1 P 0
L 1.3956693 1.2598425 1.4389763 1.2598425 1 P 0
L 1.4389763 1.2204725 1.4389763 1.2598425 1 P 0
L 1.4407323 0.9200472 1.4407323 1.4910472 0 P 0
L 1.4520315 0.2934409 1.4520315 0.6524409 1 P 0
L 1.4663228 0.7740866 1.4663228 0.8400866 2 P 0
L 1.4663228 0.9118819 1.4663228 0.9778819 2 P 0
L 1.5589134 0.1032205 1.5589134 0.3702205 1 P 0
L 1.5589134 0.1032205 1.8269134 0.1032205 1 P 0
L 1.5589134 0.3702205 1.8269134 0.3702205 1 P 0
L 1.5589134 0.412811 1.5589134 0.610811 1 P 0
L 1.5589134 0.412811 1.8269134 0.412811 1 P 0
L 1.5589134 0.610811 1.8269134 0.610811 1 P 0
L 1.5589134 0.9639921 1.5589134 1.1619921 1 P 0
L 1.5589134 0.9639921 1.8269134 0.9639921 1 P 0
L 1.5589134 1.1619921 1.8269134 1.1619921 1 P 0
L 1.5590552 0.6771653 1.5590552 0.7401575 1 P 0
L 1.5590552 0.6771653 1.6732284 0.6771653 1 P 0
L 1.5590552 0.7401575 1.6732284 0.7401575 1 P 0
L 1.5719134 1.2002126 1.5719134 1.3982126 1 P 0
L 1.5719134 1.2002126 1.8139134 1.2002126 1 P 0
L 1.5719134 1.3982126 1.8139134 1.3982126 1 P 0
L 1.582 1.501 1.582 1.599 2 P 0
L 1.582 1.501 1.648 1.501 2 P 0
L 1.582 1.599 1.648 1.599 2 P 0
L 1.6358268 0.6771653 1.6732284 0.7145669 1 P 0
L 1.648 1.501 1.648 1.599 2 P 0
L 1.6732284 0.6771653 1.6732284 0.7401575 1 P 0
L 1.7125984 0.6771653 1.7125984 0.7401575 1 P 0
L 1.7125984 0.6771653 1.8267716 0.6771653 1 P 0
L 1.7125984 0.7401575 1.8267716 0.7401575 1 P 0
L 1.7181102 0.7901576 1.7181102 0.9043308 1 P 0
L 1.7181102 0.7901576 1.7811024 0.7901576 1 P 0
L 1.7181102 0.9043308 1.7811024 0.9043308 1 P 0
L 1.7437008 0.9043308 1.7811024 0.8669292 1 P 0
L 1.7726378 0.0501968 1.7726378 0.1860236 1 P 0
L 1.7726378 0.0501968 1.9281496 0.0501968 1 P 0
L 1.7726378 0.1860236 1.9281496 0.1860236 1 P 0
L 1.7811024 0.7901576 1.7811024 0.9043308 1 P 0
L 1.78937 0.6771653 1.8267716 0.7145669 1 P 0
L 1.7923229 1.3978032 1.813504 1.376622 1 P 0
L 1.8139134 1.2002126 1.8139134 1.3982126 1 P 0
L 1.8267716 0.6771653 1.8267716 0.7401575 1 P 0
L 1.8269134 0.1032205 1.8269134 0.3702205 1 P 0
L 1.8269134 0.412811 1.8269134 0.610811 1 P 0
L 1.8269134 0.9639921 1.8269134 1.1619921 1 P 0
L 1.9196843 1.4677559 1.9196843 1.5701181 1 P 0
L 1.9196843 1.4677559 2.0417315 1.4677559 1 P 0
L 1.9196843 1.5701181 2.0417315 1.5701181 1 P 0
L 1.9271654 1.3045276 1.9271654 1.3438976 1 P 0
L 1.9271654 1.3045276 1.9704724 1.3045276 1 P 0
L 1.9271654 1.3438976 1.9704724 1.3438976 1 P 0
L 1.9281496 0.0501968 1.9281496 0.1860236 1 P 0
L 1.9704724 1.3045276 1.9704724 1.3438976 1 P 0
L 1.988189 0.0885826 1.988189 0.3641732 1 P 0
L 1.988189 0.0885826 2.2637796 0.0885826 1 P 0
L 1.988189 0.3326771 2.0196851 0.3641732 1 P 0
L 1.988189 0.3641732 2.2637796 0.3641732 1 P 0
L 2.0029843 0.5155512 2.0029843 0.6655512 1 P 0
L 2.0029843 0.5155512 2.2479843 0.5155512 1 P 0
L 2.0029843 0.6655512 2.2479843 0.6655512 1 P 0
L 2.0062441 0.7224016 2.0062441 0.8514016 0 P 0
L 2.0062441 0.7224016 2.0862441 0.7224016 0 P 0
L 2.0062441 0.8514016 2.0862441 0.8514016 0 P 0
L 2.0108269 0.8740158 2.0108269 0.9133858 1 P 0
L 2.0108269 0.8740158 2.0541339 0.8740158 1 P 0
L 2.0108269 0.9133858 2.0541339 0.9133858 1 P 0
L 2.0417315 1.4677559 2.0417315 1.5701181 1 P 0
L 2.0541339 0.8740158 2.0541339 0.9133858 1 P 0
L 2.0846457 1.3045276 2.0846457 1.3438976 1 P 0
L 2.0846457 1.3045276 2.1279527 1.3045276 1 P 0
L 2.0846457 1.3438976 2.1279527 1.3438976 1 P 0
L 2.0862441 0.7224016 2.0862441 0.8514016 0 P 0
L 2.1279527 1.3045276 2.1279527 1.3438976 1 P 0
L 2.242126 1.3074804 2.242126 1.3468504 1 P 0
L 2.242126 1.3074804 2.285433 1.3074804 1 P 0
L 2.242126 1.3468504 2.285433 1.3468504 1 P 0
L 2.2450787 0.0501968 2.2450787 0.1860236 1 P 0
L 2.2450787 0.0501968 2.4005905 0.0501968 1 P 0
L 2.2450787 0.1860236 2.4005905 0.1860236 1 P 0
L 2.2479843 0.5155512 2.2479843 0.6655512 1 P 0
L 2.2637796 0.0885826 2.2637796 0.3641732 1 P 0
L 2.285433 1.3074804 2.285433 1.3468504 1 P 0
L 2.4005905 0.0501968 2.4005905 0.1860236 1 P 0
L 2.7175197 0.0501968 2.7175197 0.1860236 1 P 0
L 2.7175197 0.0501968 2.8730315 0.0501968 1 P 0
L 2.7175197 0.1860236 2.8730315 0.1860236 1 P 0
L 2.8730315 0.0501968 2.8730315 0.1860236 1 P 0
L 2.992126 0.7396456 2.992126 0.8026378 1 P 0
L 2.992126 0.7396456 3.1062992 0.7396456 1 P 0
L 2.992126 0.7770472 3.0295276 0.7396456 1 P 0
L 2.992126 0.8026378 3.1062992 0.8026378 1 P 0
L 3.0030315 0.481063 3.0030315 0.520433 1 P 0
L 3.0030315 0.481063 3.0463385 0.481063 1 P 0
L 3.0030315 0.520433 3.0463385 0.520433 1 P 0
L 3.0463385 0.481063 3.0463385 0.520433 1 P 0
L 3.0707874 0.481063 3.0707874 0.520433 1 P 0
L 3.0707874 0.481063 3.1140944 0.481063 1 P 0
L 3.0707874 0.520433 3.1140944 0.520433 1 P 0
L 3.1062992 0.7396456 3.1062992 0.8026378 1 P 0
L 3.1140944 0.481063 3.1140944 0.520433 1 P 0
