#Layer_Color=0
#
#Feature symbol names
#
$0 r3.94

#
#Feature attribute names
#

#
#Layer features
#
L 0.2787008 0.0544116 0.2787008 0.0703916 0 P 0
L 0.2787008 0.0544116 0.3262208 0.0544116 0 P 0
L 0.2787008 0.0703916 0.3262208 0.0703916 0 P 0
L 0.2787008 0.1044116 0.2787008 0.1203916 0 P 0
L 0.2787008 0.1044116 0.3262208 0.1044116 0 P 0
L 0.2787008 0.1203916 0.3262208 0.1203916 0 P 0
L 0.2787008 0.1544116 0.2787008 0.1703916 0 P 0
L 0.2787008 0.1544116 0.3262208 0.1544116 0 P 0
L 0.2787008 0.1703916 0.3262208 0.1703916 0 P 0
L 0.2787008 0.2044116 0.2787008 0.2203916 0 P 0
L 0.2787008 0.2044116 0.3262208 0.2044116 0 P 0
L 0.2787008 0.2203916 0.3262208 0.2203916 0 P 0
L 0.2787008 0.2544116 0.2787008 0.2703916 0 P 0
L 0.2787008 0.2544116 0.3262208 0.2544116 0 P 0
L 0.2787008 0.2703916 0.3262208 0.2703916 0 P 0
L 0.2787008 0.3044116 0.2787008 0.3203916 0 P 0
L 0.2787008 0.3044116 0.3262208 0.3044116 0 P 0
L 0.2787008 0.3203916 0.3262208 0.3203916 0 P 0
L 0.2787008 0.3544116 0.2787008 0.3703916 0 P 0
L 0.2787008 0.3544116 0.3262208 0.3544116 0 P 0
L 0.2787008 0.3703916 0.3262208 0.3703916 0 P 0
L 0.2787008 0.4044116 0.2787008 0.4203916 0 P 0
L 0.2787008 0.4044116 0.3262208 0.4044116 0 P 0
L 0.2787008 0.4203916 0.3262208 0.4203916 0 P 0
L 0.2787008 0.4544116 0.2787008 0.4703916 0 P 0
L 0.2787008 0.4544116 0.3262208 0.4544116 0 P 0
L 0.2787008 0.4703916 0.3262208 0.4703916 0 P 0
L 0.2787008 0.5044116 0.2787008 0.5203916 0 P 0
L 0.2787008 0.5044116 0.3262208 0.5044116 0 P 0
L 0.2787008 0.5203916 0.3262208 0.5203916 0 P 0
L 0.2787008 0.5544116 0.2787008 0.5703916 0 P 0
L 0.2787008 0.5544116 0.3262208 0.5544116 0 P 0
L 0.2787008 0.5703916 0.3262208 0.5703916 0 P 0
L 0.2787008 0.6044116 0.2787008 0.6203916 0 P 0
L 0.2787008 0.6044116 0.3262208 0.6044116 0 P 0
L 0.2787008 0.6203916 0.3262208 0.6203916 0 P 0
L 0.2787008 0.6544116 0.2787008 0.6703916 0 P 0
L 0.2787008 0.6544116 0.3262208 0.6544116 0 P 0
L 0.2787008 0.6703916 0.3262208 0.6703916 0 P 0
L 0.2787008 0.7044116 0.2787008 0.7203916 0 P 0
L 0.2787008 0.7044116 0.3262208 0.7044116 0 P 0
L 0.2787008 0.7203916 0.3262208 0.7203916 0 P 0
L 0.2787008 0.7544116 0.2787008 0.7703916 0 P 0
L 0.2787008 0.7544116 0.3262208 0.7544116 0 P 0
L 0.2787008 0.7703916 0.3262208 0.7703916 0 P 0
L 0.2787008 0.8044116 0.2787008 0.8203916 0 P 0
L 0.2787008 0.8044116 0.3262208 0.8044116 0 P 0
L 0.2787008 0.8203916 0.3262208 0.8203916 0 P 0
L 0.2787008 0.8544116 0.2787008 0.8703916 0 P 0
L 0.2787008 0.8544116 0.3262208 0.8544116 0 P 0
L 0.2787008 0.8703916 0.3262208 0.8703916 0 P 0
L 0.2787008 0.9044116 0.2787008 0.9203916 0 P 0
L 0.2787008 0.9044116 0.3262208 0.9044116 0 P 0
L 0.2787008 0.9203916 0.3262208 0.9203916 0 P 0
L 0.2787008 0.9544116 0.2787008 0.9703916 0 P 0
L 0.2787008 0.9544116 0.3262208 0.9544116 0 P 0
L 0.2787008 0.9703916 0.3262208 0.9703916 0 P 0
L 0.2787008 1.0044116 0.2787008 1.0203916 0 P 0
L 0.2787008 1.0044116 0.3262208 1.0044116 0 P 0
L 0.2787008 1.0203916 0.3262208 1.0203916 0 P 0
L 0.2787008 1.0544116 0.2787008 1.0703916 0 P 0
L 0.2787008 1.0544116 0.3262208 1.0544116 0 P 0
L 0.2787008 1.0703916 0.3262208 1.0703916 0 P 0
L 0.2787008 1.1044116 0.2787008 1.1203916 0 P 0
L 0.2787008 1.1044116 0.3262208 1.1044116 0 P 0
L 0.2787008 1.1203916 0.3262208 1.1203916 0 P 0
L 0.2787008 1.1544116 0.2787008 1.1703916 0 P 0
L 0.2787008 1.1544116 0.3262208 1.1544116 0 P 0
L 0.2787008 1.1703916 0.3262208 1.1703916 0 P 0
L 0.2787008 1.2044116 0.2787008 1.2203916 0 P 0
L 0.2787008 1.2044116 0.3262208 1.2044116 0 P 0
L 0.2787008 1.2203916 0.3262208 1.2203916 0 P 0
L 0.2787008 1.2544116 0.2787008 1.2703916 0 P 0
L 0.2787008 1.2544116 0.3262208 1.2544116 0 P 0
L 0.2787008 1.2703916 0.3262208 1.2703916 0 P 0
L 0.2787008 1.3044116 0.2787008 1.3203916 0 P 0
L 0.2787008 1.3044116 0.3262208 1.3044116 0 P 0
L 0.2787008 1.3203916 0.3262208 1.3203916 0 P 0
L 0.2787008 1.3544116 0.2787008 1.3703916 0 P 0
L 0.2787008 1.3544116 0.3262208 1.3544116 0 P 0
L 0.2787008 1.3703916 0.3262208 1.3703916 0 P 0
L 0.2787008 1.4044116 0.2787008 1.4203916 0 P 0
L 0.2787008 1.4044116 0.3262208 1.4044116 0 P 0
L 0.2787008 1.4203916 0.3262208 1.4203916 0 P 0
L 0.2787008 1.4544116 0.2787008 1.4703916 0 P 0
L 0.2787008 1.4544116 0.3262208 1.4544116 0 P 0
L 0.2787008 1.4703916 0.3262208 1.4703916 0 P 0
L 0.2787008 1.5044116 0.2787008 1.5203916 0 P 0
L 0.2787008 1.5044116 0.3262208 1.5044116 0 P 0
L 0.2787008 1.5203916 0.3262208 1.5203916 0 P 0
L 0.3262208 0.0374016 0.3262208 0.0874016 0 P 0
L 0.3262208 0.0374016 0.4611808 0.0374016 0 P 0
L 0.3262208 0.0874016 0.3262208 0.1374016 0 P 0
L 0.3262208 0.1374016 0.3262208 0.1874016 0 P 0
L 0.3262208 0.1874016 0.3262208 0.2374016 0 P 0
L 0.3262208 0.2374016 0.3262208 0.2874016 0 P 0
L 0.3262208 0.2874016 0.3262208 0.3374016 0 P 0
L 0.3262208 0.3374016 0.3262208 0.3874016 0 P 0
L 0.3262208 0.3874016 0.3262208 0.4374016 0 P 0
L 0.3262208 0.4374016 0.3262208 0.4874016 0 P 0
L 0.3262208 0.4874016 0.3262208 0.5374016 0 P 0
L 0.3262208 0.5374016 0.3262208 0.5874016 0 P 0
L 0.3262208 0.5874016 0.3262208 0.6374016 0 P 0
L 0.3262208 0.6374016 0.3262208 0.6874016 0 P 0
L 0.3262208 0.6874016 0.3262208 0.7374016 0 P 0
L 0.3262208 0.7374016 0.3262208 0.7874016 0 P 0
L 0.3262208 0.7874016 0.3262208 0.8374016 0 P 0
L 0.3262208 0.8374016 0.3262208 0.8874016 0 P 0
L 0.3262208 0.8874016 0.3262208 0.9374016 0 P 0
L 0.3262208 0.9374016 0.3262208 0.9874016 0 P 0
L 0.3262208 0.9874016 0.3262208 1.0374016 0 P 0
L 0.3262208 1.0374016 0.3262208 1.0874016 0 P 0
L 0.3262208 1.0874016 0.3262208 1.1374016 0 P 0
L 0.3262208 1.1374016 0.3262208 1.1874016 0 P 0
L 0.3262208 1.1874016 0.3262208 1.2374016 0 P 0
L 0.3262208 1.2374016 0.3262208 1.2874016 0 P 0
L 0.3262208 1.2874016 0.3262208 1.3374016 0 P 0
L 0.3262208 1.3374016 0.3262208 1.3874016 0 P 0
L 0.3262208 1.3874016 0.3262208 1.4374016 0 P 0
L 0.3262208 1.4374016 0.3262208 1.4874016 0 P 0
L 0.3262208 1.4874016 0.3262208 1.5374016 0 P 0
L 0.3262208 1.5374016 0.4611808 1.5374016 0 P 0
L 0.3602008 0.0544116 0.3602008 0.0703916 0 P 0
L 0.3602008 0.1044116 0.3602008 0.1203916 0 P 0
L 0.3602008 0.1544116 0.3602008 0.1703916 0 P 0
L 0.3602008 0.2044116 0.3602008 0.2203916 0 P 0
L 0.3602008 0.2544116 0.3602008 0.2703916 0 P 0
L 0.3602008 0.3044116 0.3602008 0.3203916 0 P 0
L 0.3602008 0.3544116 0.3602008 0.3703916 0 P 0
L 0.3602008 0.4044116 0.3602008 0.4203916 0 P 0
L 0.3602008 0.4544116 0.3602008 0.4703916 0 P 0
L 0.3602008 0.5044116 0.3602008 0.5203916 0 P 0
L 0.3602008 0.5544116 0.3602008 0.5703916 0 P 0
L 0.3602008 0.6044116 0.3602008 0.6203916 0 P 0
L 0.3602008 0.6544116 0.3602008 0.6703916 0 P 0
L 0.3602008 0.7044116 0.3602008 0.7203916 0 P 0
L 0.3602008 0.7544116 0.3602008 0.7703916 0 P 0
L 0.3602008 0.8044116 0.3602008 0.8203916 0 P 0
L 0.3602008 0.8544116 0.3602008 0.8703916 0 P 0
L 0.3602008 0.9044116 0.3602008 0.9203916 0 P 0
L 0.3602008 0.9544116 0.3602008 0.9703916 0 P 0
L 0.3602008 1.0044116 0.3602008 1.0203916 0 P 0
L 0.3602008 1.0544116 0.3602008 1.0703916 0 P 0
L 0.3602008 1.1044116 0.3602008 1.1203916 0 P 0
L 0.3602008 1.1544116 0.3602008 1.1703916 0 P 0
L 0.3602008 1.2044116 0.3602008 1.2203916 0 P 0
L 0.3602008 1.2544116 0.3602008 1.2703916 0 P 0
L 0.3602008 1.3044116 0.3602008 1.3203916 0 P 0
L 0.3602008 1.3544116 0.3602008 1.3703916 0 P 0
L 0.3602008 1.4044116 0.3602008 1.4203916 0 P 0
L 0.3602008 1.4544116 0.3602008 1.4703916 0 P 0
L 0.3602008 1.5044116 0.3602008 1.5203916 0 P 0
L 0.3607108 0.0544116 0.3607108 0.0703916 0 P 0
L 0.3607108 0.0544116 0.3766908 0.0544116 0 P 0
L 0.3607108 0.0703916 0.3766908 0.0703916 0 P 0
L 0.3607108 0.1044116 0.3607108 0.1203916 0 P 0
L 0.3607108 0.1044116 0.3766908 0.1044116 0 P 0
L 0.3607108 0.1203916 0.3766908 0.1203916 0 P 0
L 0.3607108 0.1544116 0.3607108 0.1703916 0 P 0
L 0.3607108 0.1544116 0.3766908 0.1544116 0 P 0
L 0.3607108 0.1703916 0.3766908 0.1703916 0 P 0
L 0.3607108 0.2044116 0.3607108 0.2203916 0 P 0
L 0.3607108 0.2044116 0.3766908 0.2044116 0 P 0
L 0.3607108 0.2203916 0.3766908 0.2203916 0 P 0
L 0.3607108 0.2544116 0.3607108 0.2703916 0 P 0
L 0.3607108 0.2544116 0.3766908 0.2544116 0 P 0
L 0.3607108 0.2703916 0.3766908 0.2703916 0 P 0
L 0.3607108 0.3044116 0.3607108 0.3203916 0 P 0
L 0.3607108 0.3044116 0.3766908 0.3044116 0 P 0
L 0.3607108 0.3203916 0.3766908 0.3203916 0 P 0
L 0.3607108 0.3544116 0.3607108 0.3703916 0 P 0
L 0.3607108 0.3544116 0.3766908 0.3544116 0 P 0
L 0.3607108 0.3703916 0.3766908 0.3703916 0 P 0
L 0.3607108 0.4044116 0.3607108 0.4203916 0 P 0
L 0.3607108 0.4044116 0.3766908 0.4044116 0 P 0
L 0.3607108 0.4203916 0.3766908 0.4203916 0 P 0
L 0.3607108 0.4544116 0.3607108 0.4703916 0 P 0
L 0.3607108 0.4544116 0.3766908 0.4544116 0 P 0
L 0.3607108 0.4703916 0.3766908 0.4703916 0 P 0
L 0.3607108 0.5044116 0.3607108 0.5203916 0 P 0
L 0.3607108 0.5044116 0.3766908 0.5044116 0 P 0
L 0.3607108 0.5203916 0.3766908 0.5203916 0 P 0
L 0.3607108 0.5544116 0.3607108 0.5703916 0 P 0
L 0.3607108 0.5544116 0.3766908 0.5544116 0 P 0
L 0.3607108 0.5703916 0.3766908 0.5703916 0 P 0
L 0.3607108 0.6044116 0.3607108 0.6203916 0 P 0
L 0.3607108 0.6044116 0.3766908 0.6044116 0 P 0
L 0.3607108 0.6203916 0.3766908 0.6203916 0 P 0
L 0.3607108 0.6544116 0.3607108 0.6703916 0 P 0
L 0.3607108 0.6544116 0.3766908 0.6544116 0 P 0
L 0.3607108 0.6703916 0.3766908 0.6703916 0 P 0
L 0.3607108 0.7044116 0.3607108 0.7203916 0 P 0
L 0.3607108 0.7044116 0.3766908 0.7044116 0 P 0
L 0.3607108 0.7203916 0.3766908 0.7203916 0 P 0
L 0.3607108 0.7544116 0.3607108 0.7703916 0 P 0
L 0.3607108 0.7544116 0.3766908 0.7544116 0 P 0
L 0.3607108 0.7703916 0.3766908 0.7703916 0 P 0
L 0.3607108 0.8044116 0.3607108 0.8203916 0 P 0
L 0.3607108 0.8044116 0.3766908 0.8044116 0 P 0
L 0.3607108 0.8203916 0.3766908 0.8203916 0 P 0
L 0.3607108 0.8544116 0.3607108 0.8703916 0 P 0
L 0.3607108 0.8544116 0.3766908 0.8544116 0 P 0
L 0.3607108 0.8703916 0.3766908 0.8703916 0 P 0
L 0.3607108 0.9044116 0.3607108 0.9203916 0 P 0
L 0.3607108 0.9044116 0.3766908 0.9044116 0 P 0
L 0.3607108 0.9203916 0.3766908 0.9203916 0 P 0
L 0.3607108 0.9544116 0.3607108 0.9703916 0 P 0
L 0.3607108 0.9544116 0.3766908 0.9544116 0 P 0
L 0.3607108 0.9703916 0.3766908 0.9703916 0 P 0
L 0.3607108 1.0044116 0.3607108 1.0203916 0 P 0
L 0.3607108 1.0044116 0.3766908 1.0044116 0 P 0
L 0.3607108 1.0203916 0.3766908 1.0203916 0 P 0
L 0.3607108 1.0544116 0.3607108 1.0703916 0 P 0
L 0.3607108 1.0544116 0.3766908 1.0544116 0 P 0
L 0.3607108 1.0703916 0.3766908 1.0703916 0 P 0
L 0.3607108 1.1044116 0.3607108 1.1203916 0 P 0
L 0.3607108 1.1044116 0.3766908 1.1044116 0 P 0
L 0.3607108 1.1203916 0.3766908 1.1203916 0 P 0
L 0.3607108 1.1544116 0.3607108 1.1703916 0 P 0
L 0.3607108 1.1544116 0.3766908 1.1544116 0 P 0
L 0.3607108 1.1703916 0.3766908 1.1703916 0 P 0
L 0.3607108 1.2044116 0.3607108 1.2203916 0 P 0
L 0.3607108 1.2044116 0.3766908 1.2044116 0 P 0
L 0.3607108 1.2203916 0.3766908 1.2203916 0 P 0
L 0.3607108 1.2544116 0.3607108 1.2703916 0 P 0
L 0.3607108 1.2544116 0.3766908 1.2544116 0 P 0
L 0.3607108 1.2703916 0.3766908 1.2703916 0 P 0
L 0.3607108 1.3044116 0.3607108 1.3203916 0 P 0
L 0.3607108 1.3044116 0.3766908 1.3044116 0 P 0
L 0.3607108 1.3203916 0.3766908 1.3203916 0 P 0
L 0.3607108 1.3544116 0.3607108 1.3703916 0 P 0
L 0.3607108 1.3544116 0.3766908 1.3544116 0 P 0
L 0.3607108 1.3703916 0.3766908 1.3703916 0 P 0
L 0.3607108 1.4044116 0.3607108 1.4203916 0 P 0
L 0.3607108 1.4044116 0.3766908 1.4044116 0 P 0
L 0.3607108 1.4203916 0.3766908 1.4203916 0 P 0
L 0.3607108 1.4544116 0.3607108 1.4703916 0 P 0
L 0.3607108 1.4544116 0.3766908 1.4544116 0 P 0
L 0.3607108 1.4703916 0.3766908 1.4703916 0 P 0
L 0.3607108 1.5044116 0.3607108 1.5203916 0 P 0
L 0.3607108 1.5044116 0.3766908 1.5044116 0 P 0
L 0.3607108 1.5203916 0.3766908 1.5203916 0 P 0
L 0.3766908 0.0544116 0.3766908 0.0703916 0 P 0
L 0.3766908 0.1044116 0.3766908 0.1203916 0 P 0
L 0.3766908 0.1544116 0.3766908 0.1703916 0 P 0
L 0.3766908 0.2044116 0.3766908 0.2203916 0 P 0
L 0.3766908 0.2544116 0.3766908 0.2703916 0 P 0
L 0.3766908 0.3044116 0.3766908 0.3203916 0 P 0
L 0.3766908 0.3544116 0.3766908 0.3703916 0 P 0
L 0.3766908 0.4044116 0.3766908 0.4203916 0 P 0
L 0.3766908 0.4544116 0.3766908 0.4703916 0 P 0
L 0.3766908 0.5044116 0.3766908 0.5203916 0 P 0
L 0.3766908 0.5544116 0.3766908 0.5703916 0 P 0
L 0.3766908 0.6044116 0.3766908 0.6203916 0 P 0
L 0.3766908 0.6544116 0.3766908 0.6703916 0 P 0
L 0.3766908 0.7044116 0.3766908 0.7203916 0 P 0
L 0.3766908 0.7544116 0.3766908 0.7703916 0 P 0
L 0.3766908 0.8044116 0.3766908 0.8203916 0 P 0
L 0.3766908 0.8544116 0.3766908 0.8703916 0 P 0
L 0.3766908 0.9044116 0.3766908 0.9203916 0 P 0
L 0.3766908 0.9544116 0.3766908 0.9703916 0 P 0
L 0.3766908 1.0044116 0.3766908 1.0203916 0 P 0
L 0.3766908 1.0544116 0.3766908 1.0703916 0 P 0
L 0.3766908 1.1044116 0.3766908 1.1203916 0 P 0
L 0.3766908 1.1544116 0.3766908 1.1703916 0 P 0
L 0.3766908 1.2044116 0.3766908 1.2203916 0 P 0
L 0.3766908 1.2544116 0.3766908 1.2703916 0 P 0
L 0.3766908 1.3044116 0.3766908 1.3203916 0 P 0
L 0.3766908 1.3544116 0.3766908 1.3703916 0 P 0
L 0.3766908 1.4044116 0.3766908 1.4203916 0 P 0
L 0.3766908 1.4544116 0.3766908 1.4703916 0 P 0
L 0.3766908 1.5044116 0.3766908 1.5203916 0 P 0
L 0.4107108 0.0544116 0.4107108 0.0703916 0 P 0
L 0.4107108 0.0544116 0.4266908 0.0544116 0 P 0
L 0.4107108 0.0703916 0.4266908 0.0703916 0 P 0
L 0.4107108 0.1044116 0.4107108 0.1203916 0 P 0
L 0.4107108 0.1044116 0.4266908 0.1044116 0 P 0
L 0.4107108 0.1203916 0.4266908 0.1203916 0 P 0
L 0.4107108 0.1544116 0.4107108 0.1703916 0 P 0
L 0.4107108 0.1544116 0.4266908 0.1544116 0 P 0
L 0.4107108 0.1703916 0.4266908 0.1703916 0 P 0
L 0.4107108 0.2044116 0.4107108 0.2203916 0 P 0
L 0.4107108 0.2044116 0.4266908 0.2044116 0 P 0
L 0.4107108 0.2203916 0.4266908 0.2203916 0 P 0
L 0.4107108 0.2544116 0.4107108 0.2703916 0 P 0
L 0.4107108 0.2544116 0.4266908 0.2544116 0 P 0
L 0.4107108 0.2703916 0.4266908 0.2703916 0 P 0
L 0.4107108 0.3044116 0.4107108 0.3203916 0 P 0
L 0.4107108 0.3044116 0.4266908 0.3044116 0 P 0
L 0.4107108 0.3203916 0.4266908 0.3203916 0 P 0
L 0.4107108 0.3544116 0.4107108 0.3703916 0 P 0
L 0.4107108 0.3544116 0.4266908 0.3544116 0 P 0
L 0.4107108 0.3703916 0.4266908 0.3703916 0 P 0
L 0.4107108 0.4044116 0.4107108 0.4203916 0 P 0
L 0.4107108 0.4044116 0.4266908 0.4044116 0 P 0
L 0.4107108 0.4203916 0.4266908 0.4203916 0 P 0
L 0.4107108 0.4544116 0.4107108 0.4703916 0 P 0
L 0.4107108 0.4544116 0.4266908 0.4544116 0 P 0
L 0.4107108 0.4703916 0.4266908 0.4703916 0 P 0
L 0.4107108 0.5044116 0.4107108 0.5203916 0 P 0
L 0.4107108 0.5044116 0.4266908 0.5044116 0 P 0
L 0.4107108 0.5203916 0.4266908 0.5203916 0 P 0
L 0.4107108 0.5544116 0.4107108 0.5703916 0 P 0
L 0.4107108 0.5544116 0.4266908 0.5544116 0 P 0
L 0.4107108 0.5703916 0.4266908 0.5703916 0 P 0
L 0.4107108 0.6044116 0.4107108 0.6203916 0 P 0
L 0.4107108 0.6044116 0.4266908 0.6044116 0 P 0
L 0.4107108 0.6203916 0.4266908 0.6203916 0 P 0
L 0.4107108 0.6544116 0.4107108 0.6703916 0 P 0
L 0.4107108 0.6544116 0.4266908 0.6544116 0 P 0
L 0.4107108 0.6703916 0.4266908 0.6703916 0 P 0
L 0.4107108 0.7044116 0.4107108 0.7203916 0 P 0
L 0.4107108 0.7044116 0.4266908 0.7044116 0 P 0
L 0.4107108 0.7203916 0.4266908 0.7203916 0 P 0
L 0.4107108 0.7544116 0.4107108 0.7703916 0 P 0
L 0.4107108 0.7544116 0.4266908 0.7544116 0 P 0
L 0.4107108 0.7703916 0.4266908 0.7703916 0 P 0
L 0.4107108 0.8044116 0.4107108 0.8203916 0 P 0
L 0.4107108 0.8044116 0.4266908 0.8044116 0 P 0
L 0.4107108 0.8203916 0.4266908 0.8203916 0 P 0
L 0.4107108 0.8544116 0.4107108 0.8703916 0 P 0
L 0.4107108 0.8544116 0.4266908 0.8544116 0 P 0
L 0.4107108 0.8703916 0.4266908 0.8703916 0 P 0
L 0.4107108 0.9044116 0.4107108 0.9203916 0 P 0
L 0.4107108 0.9044116 0.4266908 0.9044116 0 P 0
L 0.4107108 0.9203916 0.4266908 0.9203916 0 P 0
L 0.4107108 0.9544116 0.4107108 0.9703916 0 P 0
L 0.4107108 0.9544116 0.4266908 0.9544116 0 P 0
L 0.4107108 0.9703916 0.4266908 0.9703916 0 P 0
L 0.4107108 1.0044116 0.4107108 1.0203916 0 P 0
L 0.4107108 1.0044116 0.4266908 1.0044116 0 P 0
L 0.4107108 1.0203916 0.4266908 1.0203916 0 P 0
L 0.4107108 1.0544116 0.4107108 1.0703916 0 P 0
L 0.4107108 1.0544116 0.4266908 1.0544116 0 P 0
L 0.4107108 1.0703916 0.4266908 1.0703916 0 P 0
L 0.4107108 1.1044116 0.4107108 1.1203916 0 P 0
L 0.4107108 1.1044116 0.4266908 1.1044116 0 P 0
L 0.4107108 1.1203916 0.4266908 1.1203916 0 P 0
L 0.4107108 1.1544116 0.4107108 1.1703916 0 P 0
L 0.4107108 1.1544116 0.4266908 1.1544116 0 P 0
L 0.4107108 1.1703916 0.4266908 1.1703916 0 P 0
L 0.4107108 1.2044116 0.4107108 1.2203916 0 P 0
L 0.4107108 1.2044116 0.4266908 1.2044116 0 P 0
L 0.4107108 1.2203916 0.4266908 1.2203916 0 P 0
L 0.4107108 1.2544116 0.4107108 1.2703916 0 P 0
L 0.4107108 1.2544116 0.4266908 1.2544116 0 P 0
L 0.4107108 1.2703916 0.4266908 1.2703916 0 P 0
L 0.4107108 1.3044116 0.4107108 1.3203916 0 P 0
L 0.4107108 1.3044116 0.4266908 1.3044116 0 P 0
L 0.4107108 1.3203916 0.4266908 1.3203916 0 P 0
L 0.4107108 1.3544116 0.4107108 1.3703916 0 P 0
L 0.4107108 1.3544116 0.4266908 1.3544116 0 P 0
L 0.4107108 1.3703916 0.4266908 1.3703916 0 P 0
L 0.4107108 1.4044116 0.4107108 1.4203916 0 P 0
L 0.4107108 1.4044116 0.4266908 1.4044116 0 P 0
L 0.4107108 1.4203916 0.4266908 1.4203916 0 P 0
L 0.4107108 1.4544116 0.4107108 1.4703916 0 P 0
L 0.4107108 1.4544116 0.4266908 1.4544116 0 P 0
L 0.4107108 1.4703916 0.4266908 1.4703916 0 P 0
L 0.4107108 1.5044116 0.4107108 1.5203916 0 P 0
L 0.4107108 1.5044116 0.4266908 1.5044116 0 P 0
L 0.4107108 1.5203916 0.4266908 1.5203916 0 P 0
L 0.4266908 0.0544116 0.4266908 0.0703916 0 P 0
L 0.4266908 0.1044116 0.4266908 0.1203916 0 P 0
L 0.4266908 0.1544116 0.4266908 0.1703916 0 P 0
L 0.4266908 0.2044116 0.4266908 0.2203916 0 P 0
L 0.4266908 0.2544116 0.4266908 0.2703916 0 P 0
L 0.4266908 0.3044116 0.4266908 0.3203916 0 P 0
L 0.4266908 0.3544116 0.4266908 0.3703916 0 P 0
L 0.4266908 0.4044116 0.4266908 0.4203916 0 P 0
L 0.4266908 0.4544116 0.4266908 0.4703916 0 P 0
L 0.4266908 0.5044116 0.4266908 0.5203916 0 P 0
L 0.4266908 0.5544116 0.4266908 0.5703916 0 P 0
L 0.4266908 0.6044116 0.4266908 0.6203916 0 P 0
L 0.4266908 0.6544116 0.4266908 0.6703916 0 P 0
L 0.4266908 0.7044116 0.4266908 0.7203916 0 P 0
L 0.4266908 0.7544116 0.4266908 0.7703916 0 P 0
L 0.4266908 0.8044116 0.4266908 0.8203916 0 P 0
L 0.4266908 0.8544116 0.4266908 0.8703916 0 P 0
L 0.4266908 0.9044116 0.4266908 0.9203916 0 P 0
L 0.4266908 0.9544116 0.4266908 0.9703916 0 P 0
L 0.4266908 1.0044116 0.4266908 1.0203916 0 P 0
L 0.4266908 1.0544116 0.4266908 1.0703916 0 P 0
L 0.4266908 1.1044116 0.4266908 1.1203916 0 P 0
L 0.4266908 1.1544116 0.4266908 1.1703916 0 P 0
L 0.4266908 1.2044116 0.4266908 1.2203916 0 P 0
L 0.4266908 1.2544116 0.4266908 1.2703916 0 P 0
L 0.4266908 1.3044116 0.4266908 1.3203916 0 P 0
L 0.4266908 1.3544116 0.4266908 1.3703916 0 P 0
L 0.4266908 1.4044116 0.4266908 1.4203916 0 P 0
L 0.4266908 1.4544116 0.4266908 1.4703916 0 P 0
L 0.4266908 1.5044116 0.4266908 1.5203916 0 P 0
L 0.4611808 0.0374016 0.4611808 0.0874016 0 P 0
L 0.4611808 0.0544116 0.5087008 0.0544116 0 P 0
L 0.4611808 0.0703916 0.5087008 0.0703916 0 P 0
L 0.4611808 0.0874016 0.4611808 0.1374016 0 P 0
L 0.4611808 0.1044116 0.5087008 0.1044116 0 P 0
L 0.4611808 0.1203916 0.5087008 0.1203916 0 P 0
L 0.4611808 0.1374016 0.4611808 0.1874016 0 P 0
L 0.4611808 0.1544116 0.5087008 0.1544116 0 P 0
L 0.4611808 0.1703916 0.5087008 0.1703916 0 P 0
L 0.4611808 0.1874016 0.4611808 0.2374016 0 P 0
L 0.4611808 0.2044116 0.5087008 0.2044116 0 P 0
L 0.4611808 0.2203916 0.5087008 0.2203916 0 P 0
L 0.4611808 0.2374016 0.4611808 0.2874016 0 P 0
L 0.4611808 0.2544116 0.5087008 0.2544116 0 P 0
L 0.4611808 0.2703916 0.5087008 0.2703916 0 P 0
L 0.4611808 0.2874016 0.4611808 0.3374016 0 P 0
L 0.4611808 0.3044116 0.5087008 0.3044116 0 P 0
L 0.4611808 0.3203916 0.5087008 0.3203916 0 P 0
L 0.4611808 0.3374016 0.4611808 0.3874016 0 P 0
L 0.4611808 0.3544116 0.5087008 0.3544116 0 P 0
L 0.4611808 0.3703916 0.5087008 0.3703916 0 P 0
L 0.4611808 0.3874016 0.4611808 0.4374016 0 P 0
L 0.4611808 0.4044116 0.5087008 0.4044116 0 P 0
L 0.4611808 0.4203916 0.5087008 0.4203916 0 P 0
L 0.4611808 0.4374016 0.4611808 0.4874016 0 P 0
L 0.4611808 0.4544116 0.5087008 0.4544116 0 P 0
L 0.4611808 0.4703916 0.5087008 0.4703916 0 P 0
L 0.4611808 0.4874016 0.4611808 0.5374016 0 P 0
L 0.4611808 0.5044116 0.5087008 0.5044116 0 P 0
L 0.4611808 0.5203916 0.5087008 0.5203916 0 P 0
L 0.4611808 0.5374016 0.4611808 0.5874016 0 P 0
L 0.4611808 0.5544116 0.5087008 0.5544116 0 P 0
L 0.4611808 0.5703916 0.5087008 0.5703916 0 P 0
L 0.4611808 0.5874016 0.4611808 0.6374016 0 P 0
L 0.4611808 0.6044116 0.5087008 0.6044116 0 P 0
L 0.4611808 0.6203916 0.5087008 0.6203916 0 P 0
L 0.4611808 0.6374016 0.4611808 0.6874016 0 P 0
L 0.4611808 0.6544116 0.5087008 0.6544116 0 P 0
L 0.4611808 0.6703916 0.5087008 0.6703916 0 P 0
L 0.4611808 0.6874016 0.4611808 0.7374016 0 P 0
L 0.4611808 0.7044116 0.5087008 0.7044116 0 P 0
L 0.4611808 0.7203916 0.5087008 0.7203916 0 P 0
L 0.4611808 0.7374016 0.4611808 0.7874016 0 P 0
L 0.4611808 0.7544116 0.5087008 0.7544116 0 P 0
L 0.4611808 0.7703916 0.5087008 0.7703916 0 P 0
L 0.4611808 0.7874016 0.4611808 0.8374016 0 P 0
L 0.4611808 0.8044116 0.5087008 0.8044116 0 P 0
L 0.4611808 0.8203916 0.5087008 0.8203916 0 P 0
L 0.4611808 0.8374016 0.4611808 0.8874016 0 P 0
L 0.4611808 0.8544116 0.5087008 0.8544116 0 P 0
L 0.4611808 0.8703916 0.5087008 0.8703916 0 P 0
L 0.4611808 0.8874016 0.4611808 0.9374016 0 P 0
L 0.4611808 0.9044116 0.5087008 0.9044116 0 P 0
L 0.4611808 0.9203916 0.5087008 0.9203916 0 P 0
L 0.4611808 0.9374016 0.4611808 0.9874016 0 P 0
L 0.4611808 0.9544116 0.5087008 0.9544116 0 P 0
L 0.4611808 0.9703916 0.5087008 0.9703916 0 P 0
L 0.4611808 0.9874016 0.4611808 1.0374016 0 P 0
L 0.4611808 1.0044116 0.5087008 1.0044116 0 P 0
L 0.4611808 1.0203916 0.5087008 1.0203916 0 P 0
L 0.4611808 1.0374016 0.4611808 1.0874016 0 P 0
L 0.4611808 1.0544116 0.5087008 1.0544116 0 P 0
L 0.4611808 1.0703916 0.5087008 1.0703916 0 P 0
L 0.4611808 1.0874016 0.4611808 1.1374016 0 P 0
L 0.4611808 1.1044116 0.5087008 1.1044116 0 P 0
L 0.4611808 1.1203916 0.5087008 1.1203916 0 P 0
L 0.4611808 1.1374016 0.4611808 1.1874016 0 P 0
L 0.4611808 1.1544116 0.5087008 1.1544116 0 P 0
L 0.4611808 1.1703916 0.5087008 1.1703916 0 P 0
L 0.4611808 1.1874016 0.4611808 1.2374016 0 P 0
L 0.4611808 1.2044116 0.5087008 1.2044116 0 P 0
L 0.4611808 1.2203916 0.5087008 1.2203916 0 P 0
L 0.4611808 1.2374016 0.4611808 1.2874016 0 P 0
L 0.4611808 1.2544116 0.5087008 1.2544116 0 P 0
L 0.4611808 1.2703916 0.5087008 1.2703916 0 P 0
L 0.4611808 1.2874016 0.4611808 1.3374016 0 P 0
L 0.4611808 1.3044116 0.5087008 1.3044116 0 P 0
L 0.4611808 1.3203916 0.5087008 1.3203916 0 P 0
L 0.4611808 1.3374016 0.4611808 1.3874016 0 P 0
L 0.4611808 1.3544116 0.5087008 1.3544116 0 P 0
L 0.4611808 1.3703916 0.5087008 1.3703916 0 P 0
L 0.4611808 1.3874016 0.4611808 1.4374016 0 P 0
L 0.4611808 1.4044116 0.5087008 1.4044116 0 P 0
L 0.4611808 1.4203916 0.5087008 1.4203916 0 P 0
L 0.4611808 1.4374016 0.4611808 1.4874016 0 P 0
L 0.4611808 1.4544116 0.5087008 1.4544116 0 P 0
L 0.4611808 1.4703916 0.5087008 1.4703916 0 P 0
L 0.4611808 1.4874016 0.4611808 1.5374016 0 P 0
L 0.4611808 1.5044116 0.5087008 1.5044116 0 P 0
L 0.4611808 1.5203916 0.5087008 1.5203916 0 P 0
L 0.5087008 0.0544116 0.5087008 0.0703916 0 P 0
L 0.5087008 0.1044116 0.5087008 0.1203916 0 P 0
L 0.5087008 0.1544116 0.5087008 0.1703916 0 P 0
L 0.5087008 0.2044116 0.5087008 0.2203916 0 P 0
L 0.5087008 0.2544116 0.5087008 0.2703916 0 P 0
L 0.5087008 0.3044116 0.5087008 0.3203916 0 P 0
L 0.5087008 0.3544116 0.5087008 0.3703916 0 P 0
L 0.5087008 0.4044116 0.5087008 0.4203916 0 P 0
L 0.5087008 0.4544116 0.5087008 0.4703916 0 P 0
L 0.5087008 0.5044116 0.5087008 0.5203916 0 P 0
L 0.5087008 0.5544116 0.5087008 0.5703916 0 P 0
L 0.5087008 0.6044116 0.5087008 0.6203916 0 P 0
L 0.5087008 0.6544116 0.5087008 0.6703916 0 P 0
L 0.5087008 0.7044116 0.5087008 0.7203916 0 P 0
L 0.5087008 0.7544116 0.5087008 0.7703916 0 P 0
L 0.5087008 0.8044116 0.5087008 0.8203916 0 P 0
L 0.5087008 0.8544116 0.5087008 0.8703916 0 P 0
L 0.5087008 0.9044116 0.5087008 0.9203916 0 P 0
L 0.5087008 0.9544116 0.5087008 0.9703916 0 P 0
L 0.5087008 1.0044116 0.5087008 1.0203916 0 P 0
L 0.5087008 1.0544116 0.5087008 1.0703916 0 P 0
L 0.5087008 1.1044116 0.5087008 1.1203916 0 P 0
L 0.5087008 1.1544116 0.5087008 1.1703916 0 P 0
L 0.5087008 1.2044116 0.5087008 1.2203916 0 P 0
L 0.5087008 1.2544116 0.5087008 1.2703916 0 P 0
L 0.5087008 1.3044116 0.5087008 1.3203916 0 P 0
L 0.5087008 1.3544116 0.5087008 1.3703916 0 P 0
L 0.5087008 1.4044116 0.5087008 1.4203916 0 P 0
L 0.5087008 1.4544116 0.5087008 1.4703916 0 P 0
L 0.5087008 1.5044116 0.5087008 1.5203916 0 P 0
L 2.6409055 0.0544116 2.6409055 0.0703916 0 P 0
L 2.6409055 0.0544116 2.6884255 0.0544116 0 P 0
L 2.6409055 0.0703916 2.6884255 0.0703916 0 P 0
L 2.6409055 0.1044116 2.6409055 0.1203916 0 P 0
L 2.6409055 0.1044116 2.6884255 0.1044116 0 P 0
L 2.6409055 0.1203916 2.6884255 0.1203916 0 P 0
L 2.6409055 0.1544116 2.6409055 0.1703916 0 P 0
L 2.6409055 0.1544116 2.6884255 0.1544116 0 P 0
L 2.6409055 0.1703916 2.6884255 0.1703916 0 P 0
L 2.6409055 0.2044116 2.6409055 0.2203916 0 P 0
L 2.6409055 0.2044116 2.6884255 0.2044116 0 P 0
L 2.6409055 0.2203916 2.6884255 0.2203916 0 P 0
L 2.6409055 0.2544116 2.6409055 0.2703916 0 P 0
L 2.6409055 0.2544116 2.6884255 0.2544116 0 P 0
L 2.6409055 0.2703916 2.6884255 0.2703916 0 P 0
L 2.6409055 0.3044116 2.6409055 0.3203916 0 P 0
L 2.6409055 0.3044116 2.6884255 0.3044116 0 P 0
L 2.6409055 0.3203916 2.6884255 0.3203916 0 P 0
L 2.6409055 0.3544116 2.6409055 0.3703916 0 P 0
L 2.6409055 0.3544116 2.6884255 0.3544116 0 P 0
L 2.6409055 0.3703916 2.6884255 0.3703916 0 P 0
L 2.6409055 0.4044116 2.6409055 0.4203916 0 P 0
L 2.6409055 0.4044116 2.6884255 0.4044116 0 P 0
L 2.6409055 0.4203916 2.6884255 0.4203916 0 P 0
L 2.6409055 0.4544116 2.6409055 0.4703916 0 P 0
L 2.6409055 0.4544116 2.6884255 0.4544116 0 P 0
L 2.6409055 0.4703916 2.6884255 0.4703916 0 P 0
L 2.6409055 0.5044116 2.6409055 0.5203916 0 P 0
L 2.6409055 0.5044116 2.6884255 0.5044116 0 P 0
L 2.6409055 0.5203916 2.6884255 0.5203916 0 P 0
L 2.6409055 0.5544116 2.6409055 0.5703916 0 P 0
L 2.6409055 0.5544116 2.6884255 0.5544116 0 P 0
L 2.6409055 0.5703916 2.6884255 0.5703916 0 P 0
L 2.6409055 0.6044116 2.6409055 0.6203916 0 P 0
L 2.6409055 0.6044116 2.6884255 0.6044116 0 P 0
L 2.6409055 0.6203916 2.6884255 0.6203916 0 P 0
L 2.6409055 0.6544116 2.6409055 0.6703916 0 P 0
L 2.6409055 0.6544116 2.6884255 0.6544116 0 P 0
L 2.6409055 0.6703916 2.6884255 0.6703916 0 P 0
L 2.6409055 0.7044116 2.6409055 0.7203916 0 P 0
L 2.6409055 0.7044116 2.6884255 0.7044116 0 P 0
L 2.6409055 0.7203916 2.6884255 0.7203916 0 P 0
L 2.6409055 0.7544116 2.6409055 0.7703916 0 P 0
L 2.6409055 0.7544116 2.6884255 0.7544116 0 P 0
L 2.6409055 0.7703916 2.6884255 0.7703916 0 P 0
L 2.6409055 0.8044116 2.6409055 0.8203916 0 P 0
L 2.6409055 0.8044116 2.6884255 0.8044116 0 P 0
L 2.6409055 0.8203916 2.6884255 0.8203916 0 P 0
L 2.6409055 0.8544116 2.6409055 0.8703916 0 P 0
L 2.6409055 0.8544116 2.6884255 0.8544116 0 P 0
L 2.6409055 0.8703916 2.6884255 0.8703916 0 P 0
L 2.6409055 0.9044116 2.6409055 0.9203916 0 P 0
L 2.6409055 0.9044116 2.6884255 0.9044116 0 P 0
L 2.6409055 0.9203916 2.6884255 0.9203916 0 P 0
L 2.6409055 0.9544116 2.6409055 0.9703916 0 P 0
L 2.6409055 0.9544116 2.6884255 0.9544116 0 P 0
L 2.6409055 0.9703916 2.6884255 0.9703916 0 P 0
L 2.6409055 1.0044116 2.6409055 1.0203916 0 P 0
L 2.6409055 1.0044116 2.6884255 1.0044116 0 P 0
L 2.6409055 1.0203916 2.6884255 1.0203916 0 P 0
L 2.6409055 1.0544116 2.6409055 1.0703916 0 P 0
L 2.6409055 1.0544116 2.6884255 1.0544116 0 P 0
L 2.6409055 1.0703916 2.6884255 1.0703916 0 P 0
L 2.6409055 1.1044116 2.6409055 1.1203916 0 P 0
L 2.6409055 1.1044116 2.6884255 1.1044116 0 P 0
L 2.6409055 1.1203916 2.6884255 1.1203916 0 P 0
L 2.6409055 1.1544116 2.6409055 1.1703916 0 P 0
L 2.6409055 1.1544116 2.6884255 1.1544116 0 P 0
L 2.6409055 1.1703916 2.6884255 1.1703916 0 P 0
L 2.6409055 1.2044116 2.6409055 1.2203916 0 P 0
L 2.6409055 1.2044116 2.6884255 1.2044116 0 P 0
L 2.6409055 1.2203916 2.6884255 1.2203916 0 P 0
L 2.6409055 1.2544116 2.6409055 1.2703916 0 P 0
L 2.6409055 1.2544116 2.6884255 1.2544116 0 P 0
L 2.6409055 1.2703916 2.6884255 1.2703916 0 P 0
L 2.6409055 1.3044116 2.6409055 1.3203916 0 P 0
L 2.6409055 1.3044116 2.6884255 1.3044116 0 P 0
L 2.6409055 1.3203916 2.6884255 1.3203916 0 P 0
L 2.6409055 1.3544116 2.6409055 1.3703916 0 P 0
L 2.6409055 1.3544116 2.6884255 1.3544116 0 P 0
L 2.6409055 1.3703916 2.6884255 1.3703916 0 P 0
L 2.6409055 1.4044116 2.6409055 1.4203916 0 P 0
L 2.6409055 1.4044116 2.6884255 1.4044116 0 P 0
L 2.6409055 1.4203916 2.6884255 1.4203916 0 P 0
L 2.6409055 1.4544116 2.6409055 1.4703916 0 P 0
L 2.6409055 1.4544116 2.6884255 1.4544116 0 P 0
L 2.6409055 1.4703916 2.6884255 1.4703916 0 P 0
L 2.6409055 1.5044116 2.6409055 1.5203916 0 P 0
L 2.6409055 1.5044116 2.6884255 1.5044116 0 P 0
L 2.6409055 1.5203916 2.6884255 1.5203916 0 P 0
L 2.6884255 0.0374016 2.6884255 0.0874016 0 P 0
L 2.6884255 0.0374016 2.8233855 0.0374016 0 P 0
L 2.6884255 0.0874016 2.6884255 0.1374016 0 P 0
L 2.6884255 0.1374016 2.6884255 0.1874016 0 P 0
L 2.6884255 0.1874016 2.6884255 0.2374016 0 P 0
L 2.6884255 0.2374016 2.6884255 0.2874016 0 P 0
L 2.6884255 0.2874016 2.6884255 0.3374016 0 P 0
L 2.6884255 0.3374016 2.6884255 0.3874016 0 P 0
L 2.6884255 0.3874016 2.6884255 0.4374016 0 P 0
L 2.6884255 0.4374016 2.6884255 0.4874016 0 P 0
L 2.6884255 0.4874016 2.6884255 0.5374016 0 P 0
L 2.6884255 0.5374016 2.6884255 0.5874016 0 P 0
L 2.6884255 0.5874016 2.6884255 0.6374016 0 P 0
L 2.6884255 0.6374016 2.6884255 0.6874016 0 P 0
L 2.6884255 0.6874016 2.6884255 0.7374016 0 P 0
L 2.6884255 0.7374016 2.6884255 0.7874016 0 P 0
L 2.6884255 0.7874016 2.6884255 0.8374016 0 P 0
L 2.6884255 0.8374016 2.6884255 0.8874016 0 P 0
L 2.6884255 0.8874016 2.6884255 0.9374016 0 P 0
L 2.6884255 0.9374016 2.6884255 0.9874016 0 P 0
L 2.6884255 0.9874016 2.6884255 1.0374016 0 P 0
L 2.6884255 1.0374016 2.6884255 1.0874016 0 P 0
L 2.6884255 1.0874016 2.6884255 1.1374016 0 P 0
L 2.6884255 1.1374016 2.6884255 1.1874016 0 P 0
L 2.6884255 1.1874016 2.6884255 1.2374016 0 P 0
L 2.6884255 1.2374016 2.6884255 1.2874016 0 P 0
L 2.6884255 1.2874016 2.6884255 1.3374016 0 P 0
L 2.6884255 1.3374016 2.6884255 1.3874016 0 P 0
L 2.6884255 1.3874016 2.6884255 1.4374016 0 P 0
L 2.6884255 1.4374016 2.6884255 1.4874016 0 P 0
L 2.6884255 1.4874016 2.6884255 1.5374016 0 P 0
L 2.6884255 1.5374016 2.8233855 1.5374016 0 P 0
L 2.7224055 0.0544116 2.7224055 0.0703916 0 P 0
L 2.7224055 0.1044116 2.7224055 0.1203916 0 P 0
L 2.7224055 0.1544116 2.7224055 0.1703916 0 P 0
L 2.7224055 0.2044116 2.7224055 0.2203916 0 P 0
L 2.7224055 0.2544116 2.7224055 0.2703916 0 P 0
L 2.7224055 0.3044116 2.7224055 0.3203916 0 P 0
L 2.7224055 0.3544116 2.7224055 0.3703916 0 P 0
L 2.7224055 0.4044116 2.7224055 0.4203916 0 P 0
L 2.7224055 0.4544116 2.7224055 0.4703916 0 P 0
L 2.7224055 0.5044116 2.7224055 0.5203916 0 P 0
L 2.7224055 0.5544116 2.7224055 0.5703916 0 P 0
L 2.7224055 0.6044116 2.7224055 0.6203916 0 P 0
L 2.7224055 0.6544116 2.7224055 0.6703916 0 P 0
L 2.7224055 0.7044116 2.7224055 0.7203916 0 P 0
L 2.7224055 0.7544116 2.7224055 0.7703916 0 P 0
L 2.7224055 0.8044116 2.7224055 0.8203916 0 P 0
L 2.7224055 0.8544116 2.7224055 0.8703916 0 P 0
L 2.7224055 0.9044116 2.7224055 0.9203916 0 P 0
L 2.7224055 0.9544116 2.7224055 0.9703916 0 P 0
L 2.7224055 1.0044116 2.7224055 1.0203916 0 P 0
L 2.7224055 1.0544116 2.7224055 1.0703916 0 P 0
L 2.7224055 1.1044116 2.7224055 1.1203916 0 P 0
L 2.7224055 1.1544116 2.7224055 1.1703916 0 P 0
L 2.7224055 1.2044116 2.7224055 1.2203916 0 P 0
L 2.7224055 1.2544116 2.7224055 1.2703916 0 P 0
L 2.7224055 1.3044116 2.7224055 1.3203916 0 P 0
L 2.7224055 1.3544116 2.7224055 1.3703916 0 P 0
L 2.7224055 1.4044116 2.7224055 1.4203916 0 P 0
L 2.7224055 1.4544116 2.7224055 1.4703916 0 P 0
L 2.7224055 1.5044116 2.7224055 1.5203916 0 P 0
L 2.7229155 0.0544116 2.7229155 0.0703916 0 P 0
L 2.7229155 0.0544116 2.7388955 0.0544116 0 P 0
L 2.7229155 0.0703916 2.7388955 0.0703916 0 P 0
L 2.7229155 0.1044116 2.7229155 0.1203916 0 P 0
L 2.7229155 0.1044116 2.7388955 0.1044116 0 P 0
L 2.7229155 0.1203916 2.7388955 0.1203916 0 P 0
L 2.7229155 0.1544116 2.7229155 0.1703916 0 P 0
L 2.7229155 0.1544116 2.7388955 0.1544116 0 P 0
L 2.7229155 0.1703916 2.7388955 0.1703916 0 P 0
L 2.7229155 0.2044116 2.7229155 0.2203916 0 P 0
L 2.7229155 0.2044116 2.7388955 0.2044116 0 P 0
L 2.7229155 0.2203916 2.7388955 0.2203916 0 P 0
L 2.7229155 0.2544116 2.7229155 0.2703916 0 P 0
L 2.7229155 0.2544116 2.7388955 0.2544116 0 P 0
L 2.7229155 0.2703916 2.7388955 0.2703916 0 P 0
L 2.7229155 0.3044116 2.7229155 0.3203916 0 P 0
L 2.7229155 0.3044116 2.7388955 0.3044116 0 P 0
L 2.7229155 0.3203916 2.7388955 0.3203916 0 P 0
L 2.7229155 0.3544116 2.7229155 0.3703916 0 P 0
L 2.7229155 0.3544116 2.7388955 0.3544116 0 P 0
L 2.7229155 0.3703916 2.7388955 0.3703916 0 P 0
L 2.7229155 0.4044116 2.7229155 0.4203916 0 P 0
L 2.7229155 0.4044116 2.7388955 0.4044116 0 P 0
L 2.7229155 0.4203916 2.7388955 0.4203916 0 P 0
L 2.7229155 0.4544116 2.7229155 0.4703916 0 P 0
L 2.7229155 0.4544116 2.7388955 0.4544116 0 P 0
L 2.7229155 0.4703916 2.7388955 0.4703916 0 P 0
L 2.7229155 0.5044116 2.7229155 0.5203916 0 P 0
L 2.7229155 0.5044116 2.7388955 0.5044116 0 P 0
L 2.7229155 0.5203916 2.7388955 0.5203916 0 P 0
L 2.7229155 0.5544116 2.7229155 0.5703916 0 P 0
L 2.7229155 0.5544116 2.7388955 0.5544116 0 P 0
L 2.7229155 0.5703916 2.7388955 0.5703916 0 P 0
L 2.7229155 0.6044116 2.7229155 0.6203916 0 P 0
L 2.7229155 0.6044116 2.7388955 0.6044116 0 P 0
L 2.7229155 0.6203916 2.7388955 0.6203916 0 P 0
L 2.7229155 0.6544116 2.7229155 0.6703916 0 P 0
L 2.7229155 0.6544116 2.7388955 0.6544116 0 P 0
L 2.7229155 0.6703916 2.7388955 0.6703916 0 P 0
L 2.7229155 0.7044116 2.7229155 0.7203916 0 P 0
L 2.7229155 0.7044116 2.7388955 0.7044116 0 P 0
L 2.7229155 0.7203916 2.7388955 0.7203916 0 P 0
L 2.7229155 0.7544116 2.7229155 0.7703916 0 P 0
L 2.7229155 0.7544116 2.7388955 0.7544116 0 P 0
L 2.7229155 0.7703916 2.7388955 0.7703916 0 P 0
L 2.7229155 0.8044116 2.7229155 0.8203916 0 P 0
L 2.7229155 0.8044116 2.7388955 0.8044116 0 P 0
L 2.7229155 0.8203916 2.7388955 0.8203916 0 P 0
L 2.7229155 0.8544116 2.7229155 0.8703916 0 P 0
L 2.7229155 0.8544116 2.7388955 0.8544116 0 P 0
L 2.7229155 0.8703916 2.7388955 0.8703916 0 P 0
L 2.7229155 0.9044116 2.7229155 0.9203916 0 P 0
L 2.7229155 0.9044116 2.7388955 0.9044116 0 P 0
L 2.7229155 0.9203916 2.7388955 0.9203916 0 P 0
L 2.7229155 0.9544116 2.7229155 0.9703916 0 P 0
L 2.7229155 0.9544116 2.7388955 0.9544116 0 P 0
L 2.7229155 0.9703916 2.7388955 0.9703916 0 P 0
L 2.7229155 1.0044116 2.7229155 1.0203916 0 P 0
L 2.7229155 1.0044116 2.7388955 1.0044116 0 P 0
L 2.7229155 1.0203916 2.7388955 1.0203916 0 P 0
L 2.7229155 1.0544116 2.7229155 1.0703916 0 P 0
L 2.7229155 1.0544116 2.7388955 1.0544116 0 P 0
L 2.7229155 1.0703916 2.7388955 1.0703916 0 P 0
L 2.7229155 1.1044116 2.7229155 1.1203916 0 P 0
L 2.7229155 1.1044116 2.7388955 1.1044116 0 P 0
L 2.7229155 1.1203916 2.7388955 1.1203916 0 P 0
L 2.7229155 1.1544116 2.7229155 1.1703916 0 P 0
L 2.7229155 1.1544116 2.7388955 1.1544116 0 P 0
L 2.7229155 1.1703916 2.7388955 1.1703916 0 P 0
L 2.7229155 1.2044116 2.7229155 1.2203916 0 P 0
L 2.7229155 1.2044116 2.7388955 1.2044116 0 P 0
L 2.7229155 1.2203916 2.7388955 1.2203916 0 P 0
L 2.7229155 1.2544116 2.7229155 1.2703916 0 P 0
L 2.7229155 1.2544116 2.7388955 1.2544116 0 P 0
L 2.7229155 1.2703916 2.7388955 1.2703916 0 P 0
L 2.7229155 1.3044116 2.7229155 1.3203916 0 P 0
L 2.7229155 1.3044116 2.7388955 1.3044116 0 P 0
L 2.7229155 1.3203916 2.7388955 1.3203916 0 P 0
L 2.7229155 1.3544116 2.7229155 1.3703916 0 P 0
L 2.7229155 1.3544116 2.7388955 1.3544116 0 P 0
L 2.7229155 1.3703916 2.7388955 1.3703916 0 P 0
L 2.7229155 1.4044116 2.7229155 1.4203916 0 P 0
L 2.7229155 1.4044116 2.7388955 1.4044116 0 P 0
L 2.7229155 1.4203916 2.7388955 1.4203916 0 P 0
L 2.7229155 1.4544116 2.7229155 1.4703916 0 P 0
L 2.7229155 1.4544116 2.7388955 1.4544116 0 P 0
L 2.7229155 1.4703916 2.7388955 1.4703916 0 P 0
L 2.7229155 1.5044116 2.7229155 1.5203916 0 P 0
L 2.7229155 1.5044116 2.7388955 1.5044116 0 P 0
L 2.7229155 1.5203916 2.7388955 1.5203916 0 P 0
L 2.7388955 0.0544116 2.7388955 0.0703916 0 P 0
L 2.7388955 0.1044116 2.7388955 0.1203916 0 P 0
L 2.7388955 0.1544116 2.7388955 0.1703916 0 P 0
L 2.7388955 0.2044116 2.7388955 0.2203916 0 P 0
L 2.7388955 0.2544116 2.7388955 0.2703916 0 P 0
L 2.7388955 0.3044116 2.7388955 0.3203916 0 P 0
L 2.7388955 0.3544116 2.7388955 0.3703916 0 P 0
L 2.7388955 0.4044116 2.7388955 0.4203916 0 P 0
L 2.7388955 0.4544116 2.7388955 0.4703916 0 P 0
L 2.7388955 0.5044116 2.7388955 0.5203916 0 P 0
L 2.7388955 0.5544116 2.7388955 0.5703916 0 P 0
L 2.7388955 0.6044116 2.7388955 0.6203916 0 P 0
L 2.7388955 0.6544116 2.7388955 0.6703916 0 P 0
L 2.7388955 0.7044116 2.7388955 0.7203916 0 P 0
L 2.7388955 0.7544116 2.7388955 0.7703916 0 P 0
L 2.7388955 0.8044116 2.7388955 0.8203916 0 P 0
L 2.7388955 0.8544116 2.7388955 0.8703916 0 P 0
L 2.7388955 0.9044116 2.7388955 0.9203916 0 P 0
L 2.7388955 0.9544116 2.7388955 0.9703916 0 P 0
L 2.7388955 1.0044116 2.7388955 1.0203916 0 P 0
L 2.7388955 1.0544116 2.7388955 1.0703916 0 P 0
L 2.7388955 1.1044116 2.7388955 1.1203916 0 P 0
L 2.7388955 1.1544116 2.7388955 1.1703916 0 P 0
L 2.7388955 1.2044116 2.7388955 1.2203916 0 P 0
L 2.7388955 1.2544116 2.7388955 1.2703916 0 P 0
L 2.7388955 1.3044116 2.7388955 1.3203916 0 P 0
L 2.7388955 1.3544116 2.7388955 1.3703916 0 P 0
L 2.7388955 1.4044116 2.7388955 1.4203916 0 P 0
L 2.7388955 1.4544116 2.7388955 1.4703916 0 P 0
L 2.7388955 1.5044116 2.7388955 1.5203916 0 P 0
L 2.7729155 0.0544116 2.7729155 0.0703916 0 P 0
L 2.7729155 0.0544116 2.7888955 0.0544116 0 P 0
L 2.7729155 0.0703916 2.7888955 0.0703916 0 P 0
L 2.7729155 0.1044116 2.7729155 0.1203916 0 P 0
L 2.7729155 0.1044116 2.7888955 0.1044116 0 P 0
L 2.7729155 0.1203916 2.7888955 0.1203916 0 P 0
L 2.7729155 0.1544116 2.7729155 0.1703916 0 P 0
L 2.7729155 0.1544116 2.7888955 0.1544116 0 P 0
L 2.7729155 0.1703916 2.7888955 0.1703916 0 P 0
L 2.7729155 0.2044116 2.7729155 0.2203916 0 P 0
L 2.7729155 0.2044116 2.7888955 0.2044116 0 P 0
L 2.7729155 0.2203916 2.7888955 0.2203916 0 P 0
L 2.7729155 0.2544116 2.7729155 0.2703916 0 P 0
L 2.7729155 0.2544116 2.7888955 0.2544116 0 P 0
L 2.7729155 0.2703916 2.7888955 0.2703916 0 P 0
L 2.7729155 0.3044116 2.7729155 0.3203916 0 P 0
L 2.7729155 0.3044116 2.7888955 0.3044116 0 P 0
L 2.7729155 0.3203916 2.7888955 0.3203916 0 P 0
L 2.7729155 0.3544116 2.7729155 0.3703916 0 P 0
L 2.7729155 0.3544116 2.7888955 0.3544116 0 P 0
L 2.7729155 0.3703916 2.7888955 0.3703916 0 P 0
L 2.7729155 0.4044116 2.7729155 0.4203916 0 P 0
L 2.7729155 0.4044116 2.7888955 0.4044116 0 P 0
L 2.7729155 0.4203916 2.7888955 0.4203916 0 P 0
L 2.7729155 0.4544116 2.7729155 0.4703916 0 P 0
L 2.7729155 0.4544116 2.7888955 0.4544116 0 P 0
L 2.7729155 0.4703916 2.7888955 0.4703916 0 P 0
L 2.7729155 0.5044116 2.7729155 0.5203916 0 P 0
L 2.7729155 0.5044116 2.7888955 0.5044116 0 P 0
L 2.7729155 0.5203916 2.7888955 0.5203916 0 P 0
L 2.7729155 0.5544116 2.7729155 0.5703916 0 P 0
L 2.7729155 0.5544116 2.7888955 0.5544116 0 P 0
L 2.7729155 0.5703916 2.7888955 0.5703916 0 P 0
L 2.7729155 0.6044116 2.7729155 0.6203916 0 P 0
L 2.7729155 0.6044116 2.7888955 0.6044116 0 P 0
L 2.7729155 0.6203916 2.7888955 0.6203916 0 P 0
L 2.7729155 0.6544116 2.7729155 0.6703916 0 P 0
L 2.7729155 0.6544116 2.7888955 0.6544116 0 P 0
L 2.7729155 0.6703916 2.7888955 0.6703916 0 P 0
L 2.7729155 0.7044116 2.7729155 0.7203916 0 P 0
L 2.7729155 0.7044116 2.7888955 0.7044116 0 P 0
L 2.7729155 0.7203916 2.7888955 0.7203916 0 P 0
L 2.7729155 0.7544116 2.7729155 0.7703916 0 P 0
L 2.7729155 0.7544116 2.7888955 0.7544116 0 P 0
L 2.7729155 0.7703916 2.7888955 0.7703916 0 P 0
L 2.7729155 0.8044116 2.7729155 0.8203916 0 P 0
L 2.7729155 0.8044116 2.7888955 0.8044116 0 P 0
L 2.7729155 0.8203916 2.7888955 0.8203916 0 P 0
L 2.7729155 0.8544116 2.7729155 0.8703916 0 P 0
L 2.7729155 0.8544116 2.7888955 0.8544116 0 P 0
L 2.7729155 0.8703916 2.7888955 0.8703916 0 P 0
L 2.7729155 0.9044116 2.7729155 0.9203916 0 P 0
L 2.7729155 0.9044116 2.7888955 0.9044116 0 P 0
L 2.7729155 0.9203916 2.7888955 0.9203916 0 P 0
L 2.7729155 0.9544116 2.7729155 0.9703916 0 P 0
L 2.7729155 0.9544116 2.7888955 0.9544116 0 P 0
L 2.7729155 0.9703916 2.7888955 0.9703916 0 P 0
L 2.7729155 1.0044116 2.7729155 1.0203916 0 P 0
L 2.7729155 1.0044116 2.7888955 1.0044116 0 P 0
L 2.7729155 1.0203916 2.7888955 1.0203916 0 P 0
L 2.7729155 1.0544116 2.7729155 1.0703916 0 P 0
L 2.7729155 1.0544116 2.7888955 1.0544116 0 P 0
L 2.7729155 1.0703916 2.7888955 1.0703916 0 P 0
L 2.7729155 1.1044116 2.7729155 1.1203916 0 P 0
L 2.7729155 1.1044116 2.7888955 1.1044116 0 P 0
L 2.7729155 1.1203916 2.7888955 1.1203916 0 P 0
L 2.7729155 1.1544116 2.7729155 1.1703916 0 P 0
L 2.7729155 1.1544116 2.7888955 1.1544116 0 P 0
L 2.7729155 1.1703916 2.7888955 1.1703916 0 P 0
L 2.7729155 1.2044116 2.7729155 1.2203916 0 P 0
L 2.7729155 1.2044116 2.7888955 1.2044116 0 P 0
L 2.7729155 1.2203916 2.7888955 1.2203916 0 P 0
L 2.7729155 1.2544116 2.7729155 1.2703916 0 P 0
L 2.7729155 1.2544116 2.7888955 1.2544116 0 P 0
L 2.7729155 1.2703916 2.7888955 1.2703916 0 P 0
L 2.7729155 1.3044116 2.7729155 1.3203916 0 P 0
L 2.7729155 1.3044116 2.7888955 1.3044116 0 P 0
L 2.7729155 1.3203916 2.7888955 1.3203916 0 P 0
L 2.7729155 1.3544116 2.7729155 1.3703916 0 P 0
L 2.7729155 1.3544116 2.7888955 1.3544116 0 P 0
L 2.7729155 1.3703916 2.7888955 1.3703916 0 P 0
L 2.7729155 1.4044116 2.7729155 1.4203916 0 P 0
L 2.7729155 1.4044116 2.7888955 1.4044116 0 P 0
L 2.7729155 1.4203916 2.7888955 1.4203916 0 P 0
L 2.7729155 1.4544116 2.7729155 1.4703916 0 P 0
L 2.7729155 1.4544116 2.7888955 1.4544116 0 P 0
L 2.7729155 1.4703916 2.7888955 1.4703916 0 P 0
L 2.7729155 1.5044116 2.7729155 1.5203916 0 P 0
L 2.7729155 1.5044116 2.7888955 1.5044116 0 P 0
L 2.7729155 1.5203916 2.7888955 1.5203916 0 P 0
L 2.7888955 0.0544116 2.7888955 0.0703916 0 P 0
L 2.7888955 0.1044116 2.7888955 0.1203916 0 P 0
L 2.7888955 0.1544116 2.7888955 0.1703916 0 P 0
L 2.7888955 0.2044116 2.7888955 0.2203916 0 P 0
L 2.7888955 0.2544116 2.7888955 0.2703916 0 P 0
L 2.7888955 0.3044116 2.7888955 0.3203916 0 P 0
L 2.7888955 0.3544116 2.7888955 0.3703916 0 P 0
L 2.7888955 0.4044116 2.7888955 0.4203916 0 P 0
L 2.7888955 0.4544116 2.7888955 0.4703916 0 P 0
L 2.7888955 0.5044116 2.7888955 0.5203916 0 P 0
L 2.7888955 0.5544116 2.7888955 0.5703916 0 P 0
L 2.7888955 0.6044116 2.7888955 0.6203916 0 P 0
L 2.7888955 0.6544116 2.7888955 0.6703916 0 P 0
L 2.7888955 0.7044116 2.7888955 0.7203916 0 P 0
L 2.7888955 0.7544116 2.7888955 0.7703916 0 P 0
L 2.7888955 0.8044116 2.7888955 0.8203916 0 P 0
L 2.7888955 0.8544116 2.7888955 0.8703916 0 P 0
L 2.7888955 0.9044116 2.7888955 0.9203916 0 P 0
L 2.7888955 0.9544116 2.7888955 0.9703916 0 P 0
L 2.7888955 1.0044116 2.7888955 1.0203916 0 P 0
L 2.7888955 1.0544116 2.7888955 1.0703916 0 P 0
L 2.7888955 1.1044116 2.7888955 1.1203916 0 P 0
L 2.7888955 1.1544116 2.7888955 1.1703916 0 P 0
L 2.7888955 1.2044116 2.7888955 1.2203916 0 P 0
L 2.7888955 1.2544116 2.7888955 1.2703916 0 P 0
L 2.7888955 1.3044116 2.7888955 1.3203916 0 P 0
L 2.7888955 1.3544116 2.7888955 1.3703916 0 P 0
L 2.7888955 1.4044116 2.7888955 1.4203916 0 P 0
L 2.7888955 1.4544116 2.7888955 1.4703916 0 P 0
L 2.7888955 1.5044116 2.7888955 1.5203916 0 P 0
L 2.8233855 0.0374016 2.8233855 0.0874016 0 P 0
L 2.8233855 0.0544116 2.8709055 0.0544116 0 P 0
L 2.8233855 0.0703916 2.8709055 0.0703916 0 P 0
L 2.8233855 0.0874016 2.8233855 0.1374016 0 P 0
L 2.8233855 0.1044116 2.8709055 0.1044116 0 P 0
L 2.8233855 0.1203916 2.8709055 0.1203916 0 P 0
L 2.8233855 0.1374016 2.8233855 0.1874016 0 P 0
L 2.8233855 0.1544116 2.8709055 0.1544116 0 P 0
L 2.8233855 0.1703916 2.8709055 0.1703916 0 P 0
L 2.8233855 0.1874016 2.8233855 0.2374016 0 P 0
L 2.8233855 0.2044116 2.8709055 0.2044116 0 P 0
L 2.8233855 0.2203916 2.8709055 0.2203916 0 P 0
L 2.8233855 0.2374016 2.8233855 0.2874016 0 P 0
L 2.8233855 0.2544116 2.8709055 0.2544116 0 P 0
L 2.8233855 0.2703916 2.8709055 0.2703916 0 P 0
L 2.8233855 0.2874016 2.8233855 0.3374016 0 P 0
L 2.8233855 0.3044116 2.8709055 0.3044116 0 P 0
L 2.8233855 0.3203916 2.8709055 0.3203916 0 P 0
L 2.8233855 0.3374016 2.8233855 0.3874016 0 P 0
L 2.8233855 0.3544116 2.8709055 0.3544116 0 P 0
L 2.8233855 0.3703916 2.8709055 0.3703916 0 P 0
L 2.8233855 0.3874016 2.8233855 0.4374016 0 P 0
L 2.8233855 0.4044116 2.8709055 0.4044116 0 P 0
L 2.8233855 0.4203916 2.8709055 0.4203916 0 P 0
L 2.8233855 0.4374016 2.8233855 0.4874016 0 P 0
L 2.8233855 0.4544116 2.8709055 0.4544116 0 P 0
L 2.8233855 0.4703916 2.8709055 0.4703916 0 P 0
L 2.8233855 0.4874016 2.8233855 0.5374016 0 P 0
L 2.8233855 0.5044116 2.8709055 0.5044116 0 P 0
L 2.8233855 0.5203916 2.8709055 0.5203916 0 P 0
L 2.8233855 0.5374016 2.8233855 0.5874016 0 P 0
L 2.8233855 0.5544116 2.8709055 0.5544116 0 P 0
L 2.8233855 0.5703916 2.8709055 0.5703916 0 P 0
L 2.8233855 0.5874016 2.8233855 0.6374016 0 P 0
L 2.8233855 0.6044116 2.8709055 0.6044116 0 P 0
L 2.8233855 0.6203916 2.8709055 0.6203916 0 P 0
L 2.8233855 0.6374016 2.8233855 0.6874016 0 P 0
L 2.8233855 0.6544116 2.8709055 0.6544116 0 P 0
L 2.8233855 0.6703916 2.8709055 0.6703916 0 P 0
L 2.8233855 0.6874016 2.8233855 0.7374016 0 P 0
L 2.8233855 0.7044116 2.8709055 0.7044116 0 P 0
L 2.8233855 0.7203916 2.8709055 0.7203916 0 P 0
L 2.8233855 0.7374016 2.8233855 0.7874016 0 P 0
L 2.8233855 0.7544116 2.8709055 0.7544116 0 P 0
L 2.8233855 0.7703916 2.8709055 0.7703916 0 P 0
L 2.8233855 0.7874016 2.8233855 0.8374016 0 P 0
L 2.8233855 0.8044116 2.8709055 0.8044116 0 P 0
L 2.8233855 0.8203916 2.8709055 0.8203916 0 P 0
L 2.8233855 0.8374016 2.8233855 0.8874016 0 P 0
L 2.8233855 0.8544116 2.8709055 0.8544116 0 P 0
L 2.8233855 0.8703916 2.8709055 0.8703916 0 P 0
L 2.8233855 0.8874016 2.8233855 0.9374016 0 P 0
L 2.8233855 0.9044116 2.8709055 0.9044116 0 P 0
L 2.8233855 0.9203916 2.8709055 0.9203916 0 P 0
L 2.8233855 0.9374016 2.8233855 0.9874016 0 P 0
L 2.8233855 0.9544116 2.8709055 0.9544116 0 P 0
L 2.8233855 0.9703916 2.8709055 0.9703916 0 P 0
L 2.8233855 0.9874016 2.8233855 1.0374016 0 P 0
L 2.8233855 1.0044116 2.8709055 1.0044116 0 P 0
L 2.8233855 1.0203916 2.8709055 1.0203916 0 P 0
L 2.8233855 1.0374016 2.8233855 1.0874016 0 P 0
L 2.8233855 1.0544116 2.8709055 1.0544116 0 P 0
L 2.8233855 1.0703916 2.8709055 1.0703916 0 P 0
L 2.8233855 1.0874016 2.8233855 1.1374016 0 P 0
L 2.8233855 1.1044116 2.8709055 1.1044116 0 P 0
L 2.8233855 1.1203916 2.8709055 1.1203916 0 P 0
L 2.8233855 1.1374016 2.8233855 1.1874016 0 P 0
L 2.8233855 1.1544116 2.8709055 1.1544116 0 P 0
L 2.8233855 1.1703916 2.8709055 1.1703916 0 P 0
L 2.8233855 1.1874016 2.8233855 1.2374016 0 P 0
L 2.8233855 1.2044116 2.8709055 1.2044116 0 P 0
L 2.8233855 1.2203916 2.8709055 1.2203916 0 P 0
L 2.8233855 1.2374016 2.8233855 1.2874016 0 P 0
L 2.8233855 1.2544116 2.8709055 1.2544116 0 P 0
L 2.8233855 1.2703916 2.8709055 1.2703916 0 P 0
L 2.8233855 1.2874016 2.8233855 1.3374016 0 P 0
L 2.8233855 1.3044116 2.8709055 1.3044116 0 P 0
L 2.8233855 1.3203916 2.8709055 1.3203916 0 P 0
L 2.8233855 1.3374016 2.8233855 1.3874016 0 P 0
L 2.8233855 1.3544116 2.8709055 1.3544116 0 P 0
L 2.8233855 1.3703916 2.8709055 1.3703916 0 P 0
L 2.8233855 1.3874016 2.8233855 1.4374016 0 P 0
L 2.8233855 1.4044116 2.8709055 1.4044116 0 P 0
L 2.8233855 1.4203916 2.8709055 1.4203916 0 P 0
L 2.8233855 1.4374016 2.8233855 1.4874016 0 P 0
L 2.8233855 1.4544116 2.8709055 1.4544116 0 P 0
L 2.8233855 1.4703916 2.8709055 1.4703916 0 P 0
L 2.8233855 1.4874016 2.8233855 1.5374016 0 P 0
L 2.8233855 1.5044116 2.8709055 1.5044116 0 P 0
L 2.8233855 1.5203916 2.8709055 1.5203916 0 P 0
L 2.8709055 0.0544116 2.8709055 0.0703916 0 P 0
L 2.8709055 0.1044116 2.8709055 0.1203916 0 P 0
L 2.8709055 0.1544116 2.8709055 0.1703916 0 P 0
L 2.8709055 0.2044116 2.8709055 0.2203916 0 P 0
L 2.8709055 0.2544116 2.8709055 0.2703916 0 P 0
L 2.8709055 0.3044116 2.8709055 0.3203916 0 P 0
L 2.8709055 0.3544116 2.8709055 0.3703916 0 P 0
L 2.8709055 0.4044116 2.8709055 0.4203916 0 P 0
L 2.8709055 0.4544116 2.8709055 0.4703916 0 P 0
L 2.8709055 0.5044116 2.8709055 0.5203916 0 P 0
L 2.8709055 0.5544116 2.8709055 0.5703916 0 P 0
L 2.8709055 0.6044116 2.8709055 0.6203916 0 P 0
L 2.8709055 0.6544116 2.8709055 0.6703916 0 P 0
L 2.8709055 0.7044116 2.8709055 0.7203916 0 P 0
L 2.8709055 0.7544116 2.8709055 0.7703916 0 P 0
L 2.8709055 0.8044116 2.8709055 0.8203916 0 P 0
L 2.8709055 0.8544116 2.8709055 0.8703916 0 P 0
L 2.8709055 0.9044116 2.8709055 0.9203916 0 P 0
L 2.8709055 0.9544116 2.8709055 0.9703916 0 P 0
L 2.8709055 1.0044116 2.8709055 1.0203916 0 P 0
L 2.8709055 1.0544116 2.8709055 1.0703916 0 P 0
L 2.8709055 1.1044116 2.8709055 1.1203916 0 P 0
L 2.8709055 1.1544116 2.8709055 1.1703916 0 P 0
L 2.8709055 1.2044116 2.8709055 1.2203916 0 P 0
L 2.8709055 1.2544116 2.8709055 1.2703916 0 P 0
L 2.8709055 1.3044116 2.8709055 1.3203916 0 P 0
L 2.8709055 1.3544116 2.8709055 1.3703916 0 P 0
L 2.8709055 1.4044116 2.8709055 1.4203916 0 P 0
L 2.8709055 1.4544116 2.8709055 1.4703916 0 P 0
L 2.8709055 1.5044116 2.8709055 1.5203916 0 P 0
