#Layer_Color=8388736
#
#Feature symbol names
#
$0 r1.9685

#
#Feature attribute names
#

#
#Layer features
#
L -0.015748 0.7783465 0.015748 0.7783465 0 P 0
L 0.015748 0.7783465 0.015748 0.8374017 0 P 0
L -0.015748 0.7783465 -0.015748 0.8374017 0 P 0
L -0.015748 0.8374017 0.015748 0.8374017 0 P 0
L 0.2192205 0.7394016 0.2192205 0.8354016 0 P 0
L 0.2192205 0.7394016 0.2532205 0.7394016 0 P 0
L 0.2192205 0.8354016 0.2532205 0.8354016 0 P 0
L 0.2532205 0.7394016 0.2532205 0.8354016 0 P 0
L 0.2598426 0.7719488 0.2598426 0.831004 0 P 0
L 0.2598426 0.7719488 0.2913386 0.7719488 0 P 0
L 0.2598426 0.831004 0.2913386 0.831004 0 P 0
L 0.2913386 0.7719488 0.2913386 0.831004 0 P 0
L 0.2992126 0.7719488 0.2992126 0.831004 0 P 0
L 0.2992126 0.7719488 0.3307086 0.7719488 0 P 0
L 0.2992126 0.831004 0.3307086 0.831004 0 P 0
L 0.3307086 0.7719488 0.3307086 0.831004 0 P 0
L 0.3976377 0.2263779 0.3976377 0.2854331 0 P 0
L 0.3976377 0.2263779 0.4291337 0.2263779 0 P 0
L 0.3976377 0.2854331 0.4291337 0.2854331 0 P 0
L 0.3976377 0.5019685 0.3976377 0.5610237 0 P 0
L 0.3976377 0.5019685 0.4291337 0.5019685 0 P 0
L 0.3976377 0.5610237 0.4291337 0.5610237 0 P 0
L 0.3976378 1.0137795 0.3976378 1.0728347 0 P 0
L 0.3976378 1.0137795 0.4291338 1.0137795 0 P 0
L 0.3976378 1.0728347 0.4291338 1.0728347 0 P 0
L 0.3976378 1.28937 0.3976378 1.3484252 0 P 0
L 0.3976378 1.28937 0.4291338 1.28937 0 P 0
L 0.3976378 1.3484252 0.4291338 1.3484252 0 P 0
L 0.4035433 0.7322835 0.4035433 0.7637795 0 P 0
L 0.4035433 0.7322835 0.4625985 0.7322835 0 P 0
L 0.4035433 0.7637795 0.4625985 0.7637795 0 P 0
L 0.4035433 0.7716536 0.4035433 0.8031496 0 P 0
L 0.4035433 0.7716536 0.4625985 0.7716536 0 P 0
L 0.4035433 0.8031496 0.4625985 0.8031496 0 P 0
L 0.4035433 0.8110237 0.4035433 0.8425197 0 P 0
L 0.4035433 0.8110237 0.4625985 0.8110237 0 P 0
L 0.4035433 0.8425197 0.4625985 0.8425197 0 P 0
L 0.4291337 0.2263779 0.4291337 0.2854331 0 P 0
L 0.4291337 0.5019685 0.4291337 0.5610237 0 P 0
L 0.4291338 1.0137795 0.4291338 1.0728347 0 P 0
L 0.4291338 1.28937 0.4291338 1.3484252 0 P 0
L 0.4370079 1.0137795 0.4370079 1.0728347 0 P 0
L 0.4370079 1.0137795 0.4685039 1.0137795 0 P 0
L 0.4370079 1.0728347 0.4685039 1.0728347 0 P 0
L 0.4370079 1.28937 0.4370079 1.3484252 0 P 0
L 0.4370079 1.28937 0.4685039 1.28937 0 P 0
L 0.4370079 1.3484252 0.4685039 1.3484252 0 P 0
L 0.437008 0.2263779 0.437008 0.2854331 0 P 0
L 0.437008 0.2263779 0.468504 0.2263779 0 P 0
L 0.437008 0.2854331 0.468504 0.2854331 0 P 0
L 0.437008 0.5019685 0.437008 0.5610237 0 P 0
L 0.437008 0.5019685 0.468504 0.5019685 0 P 0
L 0.437008 0.5610237 0.468504 0.5610237 0 P 0
L 0.4625985 0.7322835 0.4625985 0.7637795 0 P 0
L 0.4625985 0.7716536 0.4625985 0.8031496 0 P 0
L 0.4625985 0.8110237 0.4625985 0.8425197 0 P 0
L 0.4685039 1.0137795 0.4685039 1.0728347 0 P 0
L 0.4685039 1.28937 0.4685039 1.3484252 0 P 0
L 0.468504 0.2263779 0.468504 0.2854331 0 P 0
L 0.468504 0.5019685 0.468504 0.5610237 0 P 0
L 0.5413385 0.2232284 0.5413385 0.2547244 0 P 0
L 0.5413385 0.2232284 0.6003937 0.2232284 0 P 0
L 0.5413385 0.2547244 0.6003937 0.2547244 0 P 0
L 0.5413385 0.2570866 0.5413385 0.2885826 0 P 0
L 0.5413385 0.2570866 0.6003937 0.2570866 0 P 0
L 0.5413385 0.2885826 0.6003937 0.2885826 0 P 0
L 0.5413385 0.4649607 0.5413385 0.4964567 0 P 0
L 0.5413385 0.4649607 0.6003937 0.4649607 0 P 0
L 0.5413385 0.4964567 0.6003937 0.4964567 0 P 0
L 0.5413385 0.498819 0.5413385 0.530315 0 P 0
L 0.5413385 0.498819 0.6003937 0.498819 0 P 0
L 0.5413385 0.530315 0.6003937 0.530315 0 P 0
L 0.5413385 0.5326772 0.5413385 0.5641732 0 P 0
L 0.5413385 0.5326772 0.6003937 0.5326772 0 P 0
L 0.5413385 0.5641732 0.6003937 0.5641732 0 P 0
L 0.5413385 1.2523622 0.5413385 1.2838582 0 P 0
L 0.5413385 1.2523622 0.6003937 1.2523622 0 P 0
L 0.5413385 1.2838582 0.6003937 1.2838582 0 P 0
L 0.5413385 1.2862205 0.5413385 1.3177165 0 P 0
L 0.5413385 1.2862205 0.6003937 1.2862205 0 P 0
L 0.5413385 1.3177165 0.6003937 1.3177165 0 P 0
L 0.5413385 1.3200787 0.5413385 1.3515747 0 P 0
L 0.5413385 1.3200787 0.6003937 1.3200787 0 P 0
L 0.5413385 1.3515747 0.6003937 1.3515747 0 P 0
L 0.6003937 0.2232284 0.6003937 0.2547244 0 P 0
L 0.6003937 0.2570866 0.6003937 0.2885826 0 P 0
L 0.6003937 0.4649607 0.6003937 0.4964567 0 P 0
L 0.6003937 0.498819 0.6003937 0.530315 0 P 0
L 0.6003937 0.5326772 0.6003937 0.5641732 0 P 0
L 0.6003937 1.2523622 0.6003937 1.2838582 0 P 0
L 0.6003937 1.2862205 0.6003937 1.3177165 0 P 0
L 0.6003937 1.3200787 0.6003937 1.3515747 0 P 0
L 0.6397637 0.7716536 0.6397637 0.8031496 0 P 0
L 0.6397637 0.7716536 0.6988189 0.7716536 0 P 0
L 0.6397637 0.8031496 0.6988189 0.8031496 0 P 0
L 0.6397637 0.8110237 0.6397637 0.8425197 0 P 0
L 0.6397637 0.8110237 0.6988189 0.8110237 0 P 0
L 0.6397637 0.8425197 0.6988189 0.8425197 0 P 0
L 0.6988189 0.7716536 0.6988189 0.8031496 0 P 0
L 0.6988189 0.8110237 0.6988189 0.8425197 0 P 0
L 0.9153543 0.7716536 0.9153543 0.8031496 0 P 0
L 0.9153543 0.7716536 0.9744095 0.7716536 0 P 0
L 0.9153543 0.8031496 0.9744095 0.8031496 0 P 0
L 0.9153543 0.8110237 0.9153543 0.8425197 0 P 0
L 0.9153543 0.8110237 0.9744095 0.8110237 0 P 0
L 0.9153543 0.8425197 0.9744095 0.8425197 0 P 0
L 0.9153543 0.9291339 0.9153543 0.9606299 0 P 0
L 0.9153543 0.9291339 0.9744095 0.9291339 0 P 0
L 0.9153543 0.9606299 0.9744095 0.9606299 0 P 0
L 0.9153543 0.968504 0.9153543 1 0 P 0
L 0.9153543 0.968504 0.9744095 0.968504 0 P 0
L 0.9153543 1 0.9744095 1 0 P 0
L 0.9153543 1.0866142 0.9153543 1.1181102 0 P 0
L 0.9153543 1.0866142 0.9744095 1.0866142 0 P 0
L 0.9153543 1.1181102 0.9744095 1.1181102 0 P 0
L 0.9153543 1.1259843 0.9153543 1.1574803 0 P 0
L 0.9153543 1.1259843 0.9744095 1.1259843 0 P 0
L 0.9153543 1.1574803 0.9744095 1.1574803 0 P 0
L 0.9153543 1.1653544 0.9153543 1.1968504 0 P 0
L 0.9153543 1.1653544 0.9744095 1.1653544 0 P 0
L 0.9153543 1.1968504 0.9744095 1.1968504 0 P 0
L 0.9153543 1.2834646 0.9153543 1.3149606 0 P 0
L 0.9153543 1.2834646 0.9744095 1.2834646 0 P 0
L 0.9153543 1.3149606 0.9744095 1.3149606 0 P 0
L 0.9153543 1.3228347 0.9153543 1.3543307 0 P 0
L 0.9153543 1.3228347 0.9744095 1.3228347 0 P 0
L 0.9153543 1.3543307 0.9744095 1.3543307 0 P 0
L 0.9547244 0.3188977 0.9547244 0.3503937 0 P 0
L 0.9547244 0.3188977 1.0137796 0.3188977 0 P 0
L 0.9547244 0.3503937 1.0137796 0.3503937 0 P 0
L 0.9547244 0.3582677 0.9547244 0.3897637 0 P 0
L 0.9547244 0.3582677 1.0137796 0.3582677 0 P 0
L 0.9547244 0.3897637 1.0137796 0.3897637 0 P 0
L 0.9547244 0.5551181 0.9547244 0.5866141 0 P 0
L 0.9547244 0.5551181 1.0137796 0.5551181 0 P 0
L 0.9547244 0.5866141 1.0137796 0.5866141 0 P 0
L 0.9744095 0.7716536 0.9744095 0.8031496 0 P 0
L 0.9744095 0.8110237 0.9744095 0.8425197 0 P 0
L 0.9744095 0.9291339 0.9744095 0.9606299 0 P 0
L 0.9744095 0.968504 0.9744095 1 0 P 0
L 0.9744095 1.0866142 0.9744095 1.1181102 0 P 0
L 0.9744095 1.1259843 0.9744095 1.1574803 0 P 0
L 0.9744095 1.1653544 0.9744095 1.1968504 0 P 0
L 0.9744095 1.2834646 0.9744095 1.3149606 0 P 0
L 0.9744095 1.3228347 0.9744095 1.3543307 0 P 0
L 1.0137796 0.3188977 1.0137796 0.3503937 0 P 0
L 1.0137796 0.3582677 1.0137796 0.3897637 0 P 0
L 1.0137796 0.5551181 1.0137796 0.5866141 0 P 0
L 1.0472441 0.1673228 1.0472441 0.226378 0 P 0
L 1.0472441 0.1673228 1.0787401 0.1673228 0 P 0
L 1.0472441 0.226378 1.0787401 0.226378 0 P 0
L 1.0728346 0.7716536 1.0728346 0.8031496 0 P 0
L 1.0728346 0.7716536 1.1318898 0.7716536 0 P 0
L 1.0728346 0.8031496 1.1318898 0.8031496 0 P 0
L 1.0728346 0.8110237 1.0728346 0.8425197 0 P 0
L 1.0728346 0.8110237 1.1318898 0.8110237 0 P 0
L 1.0728346 0.8425197 1.1318898 0.8425197 0 P 0
L 1.0728346 0.9291339 1.0728346 0.9606299 0 P 0
L 1.0728346 0.9291339 1.1318898 0.9291339 0 P 0
L 1.0728346 0.9606299 1.1318898 0.9606299 0 P 0
L 1.0728346 0.968504 1.0728346 1 0 P 0
L 1.0728346 0.968504 1.1318898 0.968504 0 P 0
L 1.0728346 1 1.1318898 1 0 P 0
L 1.0728346 1.0866142 1.0728346 1.1181102 0 P 0
L 1.0728346 1.0866142 1.1318898 1.0866142 0 P 0
L 1.0728346 1.1181102 1.1318898 1.1181102 0 P 0
L 1.0728346 1.1259843 1.0728346 1.1574803 0 P 0
L 1.0728346 1.1259843 1.1318898 1.1259843 0 P 0
L 1.0728346 1.1574803 1.1318898 1.1574803 0 P 0
L 1.0728346 1.1653544 1.0728346 1.1968504 0 P 0
L 1.0728346 1.1653544 1.1318898 1.1653544 0 P 0
L 1.0728346 1.1968504 1.1318898 1.1968504 0 P 0
L 1.0728346 1.2834646 1.0728346 1.3149606 0 P 0
L 1.0728346 1.2834646 1.1318898 1.2834646 0 P 0
L 1.0728346 1.3149606 1.1318898 1.3149606 0 P 0
L 1.0728346 1.3228347 1.0728346 1.3543307 0 P 0
L 1.0728346 1.3228347 1.1318898 1.3228347 0 P 0
L 1.0728346 1.3543307 1.1318898 1.3543307 0 P 0
L 1.0787401 0.1673228 1.0787401 0.226378 0 P 0
L 1.0866142 0.1673228 1.0866142 0.226378 0 P 0
L 1.0866142 0.1673228 1.1181102 0.1673228 0 P 0
L 1.0866142 0.226378 1.1181102 0.226378 0 P 0
L 1.1181102 0.1673228 1.1181102 0.226378 0 P 0
L 1.1259843 0.1673228 1.1259843 0.226378 0 P 0
L 1.1259843 0.1673228 1.1574803 0.1673228 0 P 0
L 1.1259843 0.226378 1.1574803 0.226378 0 P 0
L 1.1318898 0.7716536 1.1318898 0.8031496 0 P 0
L 1.1318898 0.8110237 1.1318898 0.8425197 0 P 0
L 1.1318898 0.9291339 1.1318898 0.9606299 0 P 0
L 1.1318898 0.968504 1.1318898 1 0 P 0
L 1.1318898 1.0866142 1.1318898 1.1181102 0 P 0
L 1.1318898 1.1259843 1.1318898 1.1574803 0 P 0
L 1.1318898 1.1653544 1.1318898 1.1968504 0 P 0
L 1.1318898 1.2834646 1.1318898 1.3149606 0 P 0
L 1.1318898 1.3228347 1.1318898 1.3543307 0 P 0
L 1.1574803 0.1673228 1.1574803 0.226378 0 P 0
L 1.1653544 0.1673228 1.1653544 0.226378 0 P 0
L 1.1653544 0.1673228 1.1968504 0.1673228 0 P 0
L 1.1653544 0.226378 1.1968504 0.226378 0 P 0
L 1.1968504 0.1673228 1.1968504 0.226378 0 P 0
L 1.2303149 0.7716536 1.2303149 0.8031496 0 P 0
L 1.2303149 0.7716536 1.2893701 0.7716536 0 P 0
L 1.2303149 0.8031496 1.2893701 0.8031496 0 P 0
L 1.2303149 0.8110237 1.2303149 0.8425197 0 P 0
L 1.2303149 0.8110237 1.2893701 0.8110237 0 P 0
L 1.2303149 0.8425197 1.2893701 0.8425197 0 P 0
L 1.2303149 0.9291339 1.2303149 0.9606299 0 P 0
L 1.2303149 0.9291339 1.2893701 0.9291339 0 P 0
L 1.2303149 0.9606299 1.2893701 0.9606299 0 P 0
L 1.2303149 0.968504 1.2303149 1 0 P 0
L 1.2303149 0.968504 1.2893701 0.968504 0 P 0
L 1.2303149 1 1.2893701 1 0 P 0
L 1.2303149 1.1653544 1.2303149 1.1968504 0 P 0
L 1.2303149 1.1653544 1.2893701 1.1653544 0 P 0
L 1.2303149 1.1968504 1.2893701 1.1968504 0 P 0
L 1.2303149 1.2834646 1.2303149 1.3149606 0 P 0
L 1.2303149 1.2834646 1.2893701 1.2834646 0 P 0
L 1.2303149 1.3149606 1.2893701 1.3149606 0 P 0
L 1.2303149 1.3228347 1.2303149 1.3543307 0 P 0
L 1.2303149 1.3228347 1.2893701 1.3228347 0 P 0
L 1.2303149 1.3543307 1.2893701 1.3543307 0 P 0
L 1.2893701 0.7716536 1.2893701 0.8031496 0 P 0
L 1.2893701 0.8110237 1.2893701 0.8425197 0 P 0
L 1.2893701 0.9291339 1.2893701 0.9606299 0 P 0
L 1.2893701 0.968504 1.2893701 1 0 P 0
L 1.2893701 1.1653544 1.2893701 1.1968504 0 P 0
L 1.2893701 1.2834646 1.2893701 1.3149606 0 P 0
L 1.2893701 1.3228347 1.2893701 1.3543307 0 P 0
L 1.3228347 0.777559 1.3228347 0.8366142 0 P 0
L 1.3228347 0.777559 1.3543307 0.777559 0 P 0
L 1.3228347 0.8366142 1.3543307 0.8366142 0 P 0
L 1.3543307 0.777559 1.3543307 0.8366142 0 P 0
L 1.3683228 0.7740866 1.3683228 0.8400866 0 P 0
L 1.3683228 0.7740866 1.4663228 0.7740866 0 P 0
L 1.3683228 0.8400866 1.4663228 0.8400866 0 P 0
L 1.3683228 0.9118819 1.3683228 0.9778819 0 P 0
L 1.3683228 0.9118819 1.4663228 0.9118819 0 P 0
L 1.3683228 0.9778819 1.4663228 0.9778819 0 P 0
L 1.3877952 0.1614174 1.3877952 0.1929134 0 P 0
L 1.3877952 0.1614174 1.4468504 0.1614174 0 P 0
L 1.3877952 0.1929134 1.4468504 0.1929134 0 P 0
L 1.3877952 0.2007874 1.3877952 0.2322834 0 P 0
L 1.3877952 0.2007874 1.4468504 0.2007874 0 P 0
L 1.3877952 0.2322834 1.4468504 0.2322834 0 P 0
L 1.3877952 1.0866142 1.3877952 1.1181102 0 P 0
L 1.3877952 1.0866142 1.4468504 1.0866142 0 P 0
L 1.3877952 1.1181102 1.4468504 1.1181102 0 P 0
L 1.3877952 1.1259843 1.3877952 1.1574803 0 P 0
L 1.3877952 1.1259843 1.4468504 1.1259843 0 P 0
L 1.3877952 1.1574803 1.4468504 1.1574803 0 P 0
L 1.3877952 1.1653544 1.3877952 1.1968504 0 P 0
L 1.3877952 1.1653544 1.4468504 1.1653544 0 P 0
L 1.3877952 1.1968504 1.4468504 1.1968504 0 P 0
L 1.3877952 1.2834646 1.3877952 1.3149606 0 P 0
L 1.3877952 1.2834646 1.4468504 1.2834646 0 P 0
L 1.3877952 1.3149606 1.4468504 1.3149606 0 P 0
L 1.4468504 0.1614174 1.4468504 0.1929134 0 P 0
L 1.4468504 0.2007874 1.4468504 0.2322834 0 P 0
L 1.4468504 1.0866142 1.4468504 1.1181102 0 P 0
L 1.4468504 1.1259843 1.4468504 1.1574803 0 P 0
L 1.4468504 1.1653544 1.4468504 1.1968504 0 P 0
L 1.4468504 1.2834646 1.4468504 1.3149606 0 P 0
L 1.4663228 0.7740866 1.4663228 0.8400866 0 P 0
L 1.4663228 0.9118819 1.4663228 0.9778819 0 P 0
L 1.7165355 0.4848424 1.7165355 0.5438976 0 P 0
L 1.7165355 0.4848424 1.7480315 0.4848424 0 P 0
L 1.7165355 0.5438976 1.7480315 0.5438976 0 P 0
L 1.7165355 1.1226373 1.7165355 1.1816925 0 P 0
L 1.7165355 1.1226373 1.7480315 1.1226373 0 P 0
L 1.7165355 1.1816925 1.7480315 1.1816925 0 P 0
L 1.7480315 0.4848424 1.7480315 0.5438976 0 P 0
L 1.7480315 1.1226373 1.7480315 1.1816925 0 P 0
L 1.7854331 0.2185039 1.7854331 0.2775591 0 P 0
L 1.7854331 0.2185039 1.8169291 0.2185039 0 P 0
L 1.7854331 0.2775591 1.8169291 0.2775591 0 P 0
L 1.8051181 0.0098426 1.8366141 0.0098426 0 P 0
L 1.8051181 -0.0492126 1.8051181 0.0098426 0 P 0
L 1.8051181 -0.0492126 1.8366141 -0.0492126 0 P 0
L 1.8169291 0.2185039 1.8169291 0.2775591 0 P 0
L 1.8248032 0.2185039 1.8248032 0.2775591 0 P 0
L 1.8248032 0.2185039 1.8562992 0.2185039 0 P 0
L 1.8248032 0.2775591 1.8562992 0.2775591 0 P 0
L 1.8366141 -0.0492126 1.8366141 0.0098426 0 P 0
L 1.8562992 0.2185039 1.8562992 0.2775591 0 P 0
L 1.9197079 1.460937 1.9197079 1.577937 0 P 0
L 1.9197079 1.460937 2.0417079 1.460937 0 P 0
L 1.9197079 1.577937 2.0417079 1.577937 0 P 0
L 1.9783464 0.0531496 1.9783464 0.0846456 0 P 0
L 1.9783464 0.0531496 2.0374016 0.0531496 0 P 0
L 1.9783464 0.0846456 2.0374016 0.0846456 0 P 0
L 1.9783464 0.0925197 1.9783464 0.1240157 0 P 0
L 1.9783464 0.0925197 2.0374016 0.0925197 0 P 0
L 1.9783464 0.1240157 2.0374016 0.1240157 0 P 0
L 1.9783464 0.1318898 1.9783464 0.1633858 0 P 0
L 1.9783464 0.1318898 2.0374016 0.1318898 0 P 0
L 1.9783464 0.1633858 2.0374016 0.1633858 0 P 0
L 1.9783464 0.1712599 1.9783464 0.2027559 0 P 0
L 1.9783464 0.1712599 2.0374016 0.1712599 0 P 0
L 1.9783464 0.2027559 2.0374016 0.2027559 0 P 0
L 2.0374016 0.0531496 2.0374016 0.0846456 0 P 0
L 2.0374016 0.0925197 2.0374016 0.1240157 0 P 0
L 2.0374016 0.1318898 2.0374016 0.1633858 0 P 0
L 2.0374016 0.1712599 2.0374016 0.2027559 0 P 0
L 2.0417079 1.460937 2.0417079 1.577937 0 P 0
L 2.0859048 1.511811 2.0859048 1.5708662 0 P 0
L 2.0859048 1.511811 2.1174008 1.511811 0 P 0
L 2.0859048 1.5708662 2.1174008 1.5708662 0 P 0
L 2.1174008 1.511811 2.1174008 1.5708662 0 P 0
L 2.1309048 1.511811 2.1309048 1.5708662 0 P 0
L 2.1309048 1.511811 2.1624008 1.511811 0 P 0
L 2.1309048 1.5708662 2.1624008 1.5708662 0 P 0
L 2.1624008 1.511811 2.1624008 1.5708662 0 P 0
L 2.1690543 1.503189 2.1690543 1.534685 0 P 0
L 2.1690543 1.503189 2.2281095 1.503189 0 P 0
L 2.1690543 1.534685 2.2281095 1.534685 0 P 0
L 2.2281095 1.503189 2.2281095 1.534685 0 P 0
L 2.239763 1.511811 2.239763 1.5708662 0 P 0
L 2.239763 1.511811 2.271259 1.511811 0 P 0
L 2.239763 1.5708662 2.271259 1.5708662 0 P 0
L 2.2578739 0.0098426 2.2893699 0.0098426 0 P 0
L 2.2578739 -0.0492126 2.2578739 0.0098426 0 P 0
L 2.2578739 -0.0492126 2.2893699 -0.0492126 0 P 0
L 2.257874 0.2185039 2.257874 0.2775591 0 P 0
L 2.257874 0.2185039 2.28937 0.2185039 0 P 0
L 2.257874 0.2775591 2.28937 0.2775591 0 P 0
L 2.271259 1.511811 2.271259 1.5708662 0 P 0
L 2.2893699 -0.0492126 2.2893699 0.0098426 0 P 0
L 2.28937 0.2185039 2.28937 0.2775591 0 P 0
L 2.289763 1.511811 2.289763 1.5708662 0 P 0
L 2.289763 1.511811 2.321259 1.511811 0 P 0
L 2.289763 1.5708662 2.321259 1.5708662 0 P 0
L 2.297244 0.0098426 2.32874 0.0098426 0 P 0
L 2.297244 -0.0492126 2.297244 0.0098426 0 P 0
L 2.297244 -0.0492126 2.32874 -0.0492126 0 P 0
L 2.2972441 0.2185039 2.2972441 0.2775591 0 P 0
L 2.2972441 0.2185039 2.3287401 0.2185039 0 P 0
L 2.2972441 0.2775591 2.3287401 0.2775591 0 P 0
L 2.321259 1.511811 2.321259 1.5708662 0 P 0
L 2.32874 -0.0492126 2.32874 0.0098426 0 P 0
L 2.3287401 0.2185039 2.3287401 0.2775591 0 P 0
L 2.3366141 0.0098426 2.3681101 0.0098426 0 P 0
L 2.3366141 -0.0492126 2.3366141 0.0098426 0 P 0
L 2.3366141 -0.0492126 2.3681101 -0.0492126 0 P 0
L 2.3366142 0.2185039 2.3366142 0.2775591 0 P 0
L 2.3366142 0.2185039 2.3681102 0.2185039 0 P 0
L 2.3366142 0.2775591 2.3681102 0.2775591 0 P 0
L 2.3681101 -0.0492126 2.3681101 0.0098426 0 P 0
L 2.3681102 0.2185039 2.3681102 0.2775591 0 P 0
L 2.3759843 0.2185039 2.3759843 0.2775591 0 P 0
L 2.3759843 0.2185039 2.4074803 0.2185039 0 P 0
L 2.3759843 0.2775591 2.4074803 0.2775591 0 P 0
L 2.4074803 0.2185039 2.4074803 0.2775591 0 P 0
L 2.4507874 0.0531497 2.4507874 0.0846457 0 P 0
L 2.4507874 0.0531497 2.5098426 0.0531497 0 P 0
L 2.4507874 0.0846457 2.5098426 0.0846457 0 P 0
L 2.4507874 0.0925197 2.4507874 0.1240157 0 P 0
L 2.4507874 0.0925197 2.5098426 0.0925197 0 P 0
L 2.4507874 0.1240157 2.5098426 0.1240157 0 P 0
L 2.4507874 0.1318898 2.4507874 0.1633858 0 P 0
L 2.4507874 0.1318898 2.5098426 0.1318898 0 P 0
L 2.4507874 0.1633858 2.5098426 0.1633858 0 P 0
L 2.4507874 0.1712598 2.4507874 0.2027558 0 P 0
L 2.4507874 0.1712598 2.5098426 0.1712598 0 P 0
L 2.4507874 0.2027558 2.5098426 0.2027558 0 P 0
L 2.5098426 0.0531497 2.5098426 0.0846457 0 P 0
L 2.5098426 0.0925197 2.5098426 0.1240157 0 P 0
L 2.5098426 0.1318898 2.5098426 0.1633858 0 P 0
L 2.5098426 0.1712598 2.5098426 0.2027558 0 P 0
L 2.7106299 0.0098426 2.7421259 0.0098426 0 P 0
L 2.7106299 -0.0492126 2.7106299 0.0098426 0 P 0
L 2.7106299 -0.0492126 2.7421259 -0.0492126 0 P 0
L 2.71063 0.2185039 2.71063 0.2775591 0 P 0
L 2.71063 0.2185039 2.742126 0.2185039 0 P 0
L 2.71063 0.2775591 2.742126 0.2775591 0 P 0
L 2.7421259 -0.0492126 2.7421259 0.0098426 0 P 0
L 2.742126 0.2185039 2.742126 0.2775591 0 P 0
L 2.7499999 0.0098426 2.7814959 0.0098426 0 P 0
L 2.7499999 -0.0492126 2.7499999 0.0098426 0 P 0
L 2.7499999 -0.0492126 2.7814959 -0.0492126 0 P 0
L 2.75 0.2185039 2.75 0.2775591 0 P 0
L 2.75 0.2185039 2.781496 0.2185039 0 P 0
L 2.75 0.2775591 2.781496 0.2775591 0 P 0
L 2.7814959 -0.0492126 2.7814959 0.0098426 0 P 0
L 2.781496 0.2185039 2.781496 0.2775591 0 P 0
L 2.78937 0.0098426 2.820866 0.0098426 0 P 0
L 2.78937 -0.0492126 2.78937 0.0098426 0 P 0
L 2.78937 -0.0492126 2.820866 -0.0492126 0 P 0
L 2.7893701 0.2185039 2.7893701 0.2775591 0 P 0
L 2.7893701 0.2185039 2.8208661 0.2185039 0 P 0
L 2.7893701 0.2775591 2.8208661 0.2775591 0 P 0
L 2.820866 -0.0492126 2.820866 0.0098426 0 P 0
L 2.8208661 0.2185039 2.8208661 0.2775591 0 P 0
L 2.8287401 0.0098426 2.8602361 0.0098426 0 P 0
L 2.8287401 -0.0492126 2.8287401 0.0098426 0 P 0
L 2.8287401 -0.0492126 2.8602361 -0.0492126 0 P 0
L 2.8287402 0.2185039 2.8287402 0.2775591 0 P 0
L 2.8287402 0.2185039 2.8602362 0.2185039 0 P 0
L 2.8287402 0.2775591 2.8602362 0.2775591 0 P 0
L 2.8602361 -0.0492126 2.8602361 0.0098426 0 P 0
L 2.8602362 0.2185039 2.8602362 0.2775591 0 P 0
L 2.8681103 0.2185039 2.8681103 0.2775591 0 P 0
L 2.8681103 0.2185039 2.8996063 0.2185039 0 P 0
L 2.8681103 0.2775591 2.8996063 0.2775591 0 P 0
L 2.8976378 0.5927164 2.8976378 0.6517716 0 P 0
L 2.8976378 0.5927164 2.9291338 0.5927164 0 P 0
L 2.8976378 0.6517716 2.9291338 0.6517716 0 P 0
L 2.8996063 0.2185039 2.8996063 0.2775591 0 P 0
L 2.9232283 0.0531496 2.9232283 0.0846456 0 P 0
L 2.9232283 0.0531496 2.9822835 0.0531496 0 P 0
L 2.9232283 0.0846456 2.9822835 0.0846456 0 P 0
L 2.9232283 0.0925197 2.9232283 0.1240157 0 P 0
L 2.9232283 0.0925197 2.9822835 0.0925197 0 P 0
L 2.9232283 0.1240157 2.9822835 0.1240157 0 P 0
L 2.9232283 0.1318898 2.9232283 0.1633858 0 P 0
L 2.9232283 0.1318898 2.9822835 0.1318898 0 P 0
L 2.9232283 0.1633858 2.9822835 0.1633858 0 P 0
L 2.9232283 0.1712599 2.9232283 0.2027559 0 P 0
L 2.9232283 0.1712599 2.9822835 0.1712599 0 P 0
L 2.9232283 0.2027559 2.9822835 0.2027559 0 P 0
L 2.9291338 0.5927164 2.9291338 0.6517716 0 P 0
L 2.9328071 1.0297323 2.9328071 1.0637323 0 P 0
L 2.9328071 1.0297323 3.0288071 1.0297323 0 P 0
L 2.9328071 1.0637323 3.0288071 1.0637323 0 P 0
L 2.949252 0.8185433 2.949252 0.8775985 0 P 0
L 2.949252 0.8185433 2.980748 0.8185433 0 P 0
L 2.949252 0.8775985 2.980748 0.8775985 0 P 0
L 2.9718504 1.0703544 2.9718504 1.1018504 0 P 0
L 2.9718504 1.0703544 3.0309056 1.0703544 0 P 0
L 2.9718504 1.1018504 3.0309056 1.1018504 0 P 0
L 2.9718504 1.1097244 2.9718504 1.1412204 0 P 0
L 2.9718504 1.1097244 3.0309056 1.1097244 0 P 0
L 2.9718504 1.1412204 3.0309056 1.1412204 0 P 0
L 2.980748 0.8185433 2.980748 0.8775985 0 P 0
L 2.9822835 0.0531496 2.9822835 0.0846456 0 P 0
L 2.9822835 0.0925197 2.9822835 0.1240157 0 P 0
L 2.9822835 0.1318898 2.9822835 0.1633858 0 P 0
L 2.9822835 0.1712599 2.9822835 0.2027559 0 P 0
L 2.994811 0.9199921 2.994811 1.0159921 0 P 0
L 2.994811 0.9199921 3.028811 0.9199921 0 P 0
L 2.994811 1.0159921 3.028811 1.0159921 0 P 0
L 2.9951574 0.348504 2.9951574 0.38 0 P 0
L 2.9951574 0.348504 3.0542126 0.348504 0 P 0
L 2.9951574 0.38 3.0542126 0.38 0 P 0
L 2.9951574 0.3878738 2.9951574 0.4193698 0 P 0
L 2.9951574 0.3878738 3.0542126 0.3878738 0 P 0
L 2.9951574 0.4193698 3.0542126 0.4193698 0 P 0
L 2.9951574 0.427244 2.9951574 0.45874 0 P 0
L 2.9951574 0.427244 3.0542126 0.427244 0 P 0
L 2.9951574 0.45874 3.0542126 0.45874 0 P 0
L 2.996063 0.6235039 2.996063 0.6825591 0 P 0
L 2.996063 0.6235039 3.027559 0.6235039 0 P 0
L 2.996063 0.6825591 3.027559 0.6825591 0 P 0
L 2.9992125 0.849252 2.9992125 0.880748 0 P 0
L 2.9992125 0.849252 3.0582677 0.849252 0 P 0
L 2.9992125 0.880748 3.0582677 0.880748 0 P 0
L 3.027559 0.6235039 3.027559 0.6825591 0 P 0
L 3.0288071 1.0297323 3.0288071 1.0637323 0 P 0
L 3.028811 0.9199921 3.028811 1.0159921 0 P 0
L 3.0309056 1.0703544 3.0309056 1.1018504 0 P 0
L 3.0309056 1.1097244 3.0309056 1.1412204 0 P 0
L 3.0334646 0.6235039 3.0334646 0.6825591 0 P 0
L 3.0334646 0.6235039 3.0649606 0.6235039 0 P 0
L 3.0334646 0.6825591 3.0649606 0.6825591 0 P 0
L 3.0542126 0.348504 3.0542126 0.38 0 P 0
L 3.0542126 0.3878738 3.0542126 0.4193698 0 P 0
L 3.0542126 0.427244 3.0542126 0.45874 0 P 0
L 3.0557086 1.0703544 3.0557086 1.1018504 0 P 0
L 3.0557086 1.0703544 3.1147638 1.0703544 0 P 0
L 3.0557086 1.1018504 3.1147638 1.1018504 0 P 0
L 3.0557086 1.1097244 3.0557086 1.1412204 0 P 0
L 3.0557086 1.1097244 3.1147638 1.1097244 0 P 0
L 3.0557086 1.1412204 3.1147638 1.1412204 0 P 0
L 3.0578032 0.9199921 3.0578032 1.0159921 0 P 0
L 3.0578032 0.9199921 3.0918032 0.9199921 0 P 0
L 3.0578032 1.0159921 3.0918032 1.0159921 0 P 0
L 3.0578071 1.0297323 3.0578071 1.0637323 0 P 0
L 3.0578071 1.0297323 3.1538071 1.0297323 0 P 0
L 3.0578071 1.0637323 3.1538071 1.0637323 0 P 0
L 3.0582677 0.849252 3.0582677 0.880748 0 P 0
L 3.0629133 0.348504 3.0629133 0.38 0 P 0
L 3.0629133 0.348504 3.1219685 0.348504 0 P 0
L 3.0629133 0.38 3.1219685 0.38 0 P 0
L 3.0629133 0.3878738 3.0629133 0.4193698 0 P 0
L 3.0629133 0.3878738 3.1219685 0.3878738 0 P 0
L 3.0629133 0.4193698 3.1219685 0.4193698 0 P 0
L 3.0629133 0.427244 3.0629133 0.45874 0 P 0
L 3.0629133 0.427244 3.1219685 0.427244 0 P 0
L 3.0629133 0.45874 3.1219685 0.45874 0 P 0
L 3.0649606 0.6235039 3.0649606 0.6825591 0 P 0
L 3.0708662 0.6235039 3.0708662 0.6825591 0 P 0
L 3.0708662 0.6235039 3.1023622 0.6235039 0 P 0
L 3.0708662 0.6825591 3.1023622 0.6825591 0 P 0
L 3.0918032 0.9199921 3.0918032 1.0159921 0 P 0
L 3.1023622 0.6235039 3.1023622 0.6825591 0 P 0
L 3.1147638 1.0703544 3.1147638 1.1018504 0 P 0
L 3.1147638 1.1097244 3.1147638 1.1412204 0 P 0
L 3.1219685 0.348504 3.1219685 0.38 0 P 0
L 3.1219685 0.3878738 3.1219685 0.4193698 0 P 0
L 3.1219685 0.427244 3.1219685 0.45874 0 P 0
L 3.1538071 1.0297323 3.1538071 1.0637323 0 P 0
